3_21_19_59
1
4
22
25
28
31
34
37
40
43
46
49
52
55
58
61
64
67
70
73
76
79
82
85
88
91
94
97
100
111
114
136
139
142
145
194
208
211
214
217
220
223
226
229
232
235
238
241
244
247
250
253
256
259
262
265
277
280
302
305
322
349
375
386
389
392
504
507
510
513
798
844
847
850
1109
1113
1117
1889
1893
1896
2775
2778
2781
2831
2834
2837
2840
2843
2846
2849
2852
2855
3761
4768
5936
5939
5942
6112
6142
6145
6532
6535
6538
6977
6980
6983
6986
6989
7314
7317
7408
7411
7415
7418
7421
7424
7467
7470
7604
8078
8228
8231
8234
8237
8240
8825
9468
9471
9474
9477
9481
10158
10161
10164
10223
10226
10229
10232
11592
11595
12342
12345
12348
12351
12354
12456
12459
12462
12465
12856
12859
12862
12865
13222
13459
13462
13476
13479
13482
13621
13624
13627
14043
14046
14049
14924
14927
14930
14989
14992
14995
14998
15005
15008
15011
15293
15297
15300
15303
15361
15364
15367
15370
15776
15779
16075
16078
16302
16305
16308
16543
16546
16567
16570
16573
16576
16641
16644
16647
16650
16735
16738
17046
17049
17101
17362
17365
17368
17371
17374
17377
17637
17640
17643
17646
17649
17652
17655
17883
17895
17898
17901
17914
18075
18095
18098
18349
18352
18355
18358
18361
18364
18462
18682
18686
18689
18724
19105
19108
19164
19456
19459
19462
19465
19468
19471
19474
19477
19671
19674
19677
20621
20624
20627
20791
20794
20797
20813
20816
20819
20822
20833
20836
20839
20842
20845
20848
20851
20854
20857
20860
20863
20909
20913
20916
20919
20922
20925
20928
20931
21435
21438
21441
21444
22234
22237
22240
22243
22246
22249
22252
22255
22291
22553
22556
22559
22562
23359
23362
23365
23368
23371
24287
24290
24293
24296
24675
24678
24681
24684
25001
25022
25081
25085
25177
25180
25183
25186
25189
25192
25279
25282
25370
25373
25376
25379
25401
25583
25616
25619
25775
25861
25864
25892
25969
25972
25975
25978
26120
26123
26126
26154
26349
26352
26355
26390
26435
26513
26554
26557
26589
26592
26595
26598
26926
26929
27123
27312
27315
27318
27321
27324
27624
27627
27630
27633
27636
27639
27642
27645
27648
27653
27656
27659
27668
27682
27710
27713
27741
27805
27808
27811
27903
27907
27910
27913
27916
27919
27922
27925
27928
27941
27944
27947
27956
27959
27962
28007
28011
28014
28018
28021
28024
28027
28030
28033
28036
28039
28042
