3_24_08_52
1
4
32
35
38
41
44
47
50
53
56
59
62
65
68
74
77
89
96
99
103
106
109
112
157
160
163
210
246
249
259
262
265
268
271
274
277
284
287
290
304
307
310
318
321
324
365
368
371
380
383
395
398
401
404
407
418
421
424
427
431
434
437
445
448
451
471
526
529
543
549
552
555
558
690
693
696
699
702
705
708
711
714
759
763
769
772
775
778
781
784
787
790
793
796
799
811
814
817
820
833
836
839
842
845
848
851
854
857
860
863
866
869
872
875
878
881
884
887
890
893
896
899
902
905
908
911
914
917
920
927
930
933
1029
1058
1061
1064
1073
1165
1168
1203
1206
1225
1228
1231
1249
1283
1286
1289
1292
1295
1378
1399
1406
1409
1412
1415
1418
1421
1424
1429
1444
1447
1450
1460
1463
1471
1475
1520
1523
1526
1529
1532
1574
1577
1588
1591
1602
1605
1637
1640
1660
1663
1684
1707
1753
1756
1781
1784
1787
1902
1905
1908
1911
1914
2055
2087
2119
2125
2175
2178
2181
2184
2207
2210
2213
2281
2372
2387
2390
2411
2414
2434
2443
2457
2460
2468
2471
2486
2489
2492
2501
2504
2512
2515
2519
2529
2544
2558
2561
2564
2582
2598
2601
2631
2634
2704
2719
2722
2733
2736
2776
2780
2783
2786
2789
2792
2795
2798
2801
2804
2807
2825
2828
2858
2861
2864
2867
2870
2874
2877
2880
2906
2909
2921
2925
2937
2940
2962
2977
2980
2986
2989
2992
2995
3008
3012
3017
3051
3073
3097
3100
3129
3189
3192
3195
3198
3201
3204
3219
3274
3277
3280
3285
3294
3306
3342
3345
3349
3352
3372
3376
3412
3415
3418
3425
3433
3436
3447
3460
3471
3475
3478
3481
3498
3501
3509
3512
3515
3519
3522
3525
3536
3545
3548
3551
3554
3557
3560
3563
3566
3582
3585
3588
3592
3595
3598
3601
3604
3608
3638
3652
3655
3663
3668
3673
3685
3694
3757
3760
3779
3782
3795
3817
3854
3857
3928
3931
3934
3937
3945
3948
3954
3998
4009
4012
4018
4025
4034
4037
4044
4047
4050
4053
4057
4063
4066
4069
4072
4147
4150
4190
4193
4196
4203
4206
4209
4213
4216
4288
4291
4294
4306
4314
4333
4336
4383
4386
4389
4412
4415
4448
4451
4458
4461
4505
4579
4582
4586
4589
4592
4608
4611
4614
4617
4632
4656
4683
4695
4699
4718
4751
4754
4757
4769
4772
4786
4789
4795
4816
4855
4858
4861
4902
4910
4958
4961
4964
4969
4975
4995
5001
5011
5014
5017
5020
5023
5039
5063
5066
5073
5082
5116
5119
5122
5150
5154
5227
5230
5258
5261
5268
5292
5295
5298
5301
5325
5347
5404
5407
5416
5420
5449
5491
5494
5502
5508
5515
5520
5568
5578
5613
5620
5623
5920
5923
5926
5931
5934
5938
5941
5944
5952
5955
5958
6009
6012
6015
6018
6021
6024
6028
6031
6034
6053
6056
6089
6119
6135
6138
6156
6163
6169
6195
6198
6202
6205
6208
6242
6245
6251
6254
6257
6260
6263
6266
6315
6318
6343
6360
6389
6392
6395
6398
6401
6404
6407
6410
6515
6518
6521
6535
6538
6564
6567
6583
6586
6591
6612
6617
6631
6646
6649
6652
6657
6660
6663
6749
6752
6755
6758
6768
6771
6774
6777
6780
6783
6786
6789
6792
6795
