3_27_18_23
1
4
19
22
25
30
35
43
46
49
52
55
58
61
64
67
70
73
76
79
103
106
112
121
125
128
144
147
162
165
175
178
203
206
282
285
296
399
403
557
575
584
587
611
663
683
688
691
733
736
746
749
776
843
881
1004
1007
1010
1013
1016
1019
1022
1025
1028
1031
1043
1046
1052
1055
1058
1063
1066
1069
1072
1119
1122
1125
1128
1131
1139
1142
1145
1148
1151
1157
1160
1165
1168
1171
1176
1184
1187
1195
1198
1201
1204
1213
1216
1219
1222
1225
1238
1242
1279
1282
1285
1293
1305
1317
1320
1348
1401
1422
1433
1449
1458
1461
1468
1471
1474
1482
1485
1488
1491
1514
1525
1531
1549
1552
1566
1569
1572
1582
1590
1612
1655
1668
1679
1689
1724
1730
1737
1750
1754
1787
1790
1804
1837
1865
1868
1871
1891
1955
2093
2096
2101
2114
2238
2241
2245
2259
2262
2265
2268
2271
2274
2706
2718
2721
2724
2728
2731
2734
2761
2891
2954
2957
2995
3196
3199
3228
3235
3397
3509
3788
3796
3799
3804
3807
4075
4078
4128
4131
4136
4214
4217
4220
4306
4309
4396
4400
4403
4406
4409
4412
4415
4418
4421
4424
4427
4430
4433
4436
4439
4450
4456
4464
4488
4496
4499
4502
4517
4520
4530
4533
4536
4539
4542
4545
4548
4551
4554
4557
4560
4563
4566
4570
4573
4576
4579
4582
4586
4594
4612
4615
4620
4623
4657
4694
4727
4730
4880
4887
4890
4900
4947
4950
5055
5156
5200
5266
5438
5441
5444
5497
5611
5653
5713
5775
5778
5781
5784
5874
5976
5996
5999
6002
6188
6191
6195
6659
6662
6665
6719
6722
6725
6728
6731
6734
6737
6740
6753
6804
6807
6810
6813
6816
6819
6822
6825
6828
6831
6834
6837
6840
6843
6847
6850
6853
6856
6859
6862
6865
6868
6871
6874
6877
6880
6883
6891
6903
7079
7084
7087
7112
7117
7120
7242
7245
7274
7300
7386
7411
7440
7502
7505
8143
8146
8184
8242
8245
8248
8491
8556
8559
8562
8576
8582
8585
8588
8591
8594
8597
8601
8604
8607
8611
8614
8617
8620
8624
8627
8630
8633
8636
8639
8642
8645
8683
8686
8689
8692
8746
8749
8771
8774
8798
8801
8804
8807
8810
8813
8816
8819
8822
8839
8867
8925
8928
8931
8934
8937
8940
8944
8947
9004
9007
9016
9019
9058
9095
9098
9307
9343
9347
9350
9366
9369
9372
9375
9396
9446
9455
9761
9805
9808
9908
9960
10050
10053
10135
10138
10337
10414
10417
10420
10423
10426
10434
10448
10451
10515
10518
10523
10526
10529
10532
10535
10538
10541
10544
10548
10551
10554
10557
10560
10563
10567
10570
10573
10576
10579
10584
10587
10660
10684
10702
10766
10769
10772
10775
10778
10825
10828
10880
10981
11029
11063
11117
11120
11208
11211
11230
11233
11281
11364
11438
11441
11522
11525
11564
11568
11571
11576
11587
11684
11736
11801
11804
11807
11810
11864
11867
11870
11892
11895
11898
11980
11983
11986
11996
12069
12072
12080
12083
12086
12122
12143
12146
12166
12171
12179
12193
12196
12203
12207
12210
12213
12216
12219
12231
12234
12237
12241
12256
12259
12263
12267
12271
12274
12277
12280
12283
12288
12293
12296
12299
12302
12305
12308
12311
12314
12317
12320
12324
12327
12331
12334
12337
12359
12362
12399
12445
12448
12451
12458
12467
12473
12476
12479
12483
12486
12489
12492
12495
12556
12567
12570
12573
12585
12588
12591
12594
12654
12657
12660
12663
12666
12669
12672
12675
12689
12770
12820
12823
12826
12829
12832
12856
12869
12876
12884
12887
13201
13204
13207
13215
13218
13315
13318
13323
13326
13442
13453
13456
13459
13470
13473
13476
13484
13487
13498
13501
13505
13518
13527
13531
13534
13537
13540
13551
13554
13571
13574
13577
13584
13587
13590
13593
13596
13599
13604
13607
13610
13691
13694
13697
13700
13703
13706
13709
13712
13715
13718
13721
13724
13727
13730
13733
13736
13739
13929
13975
13979
13982
13985
14024
14512
14515
14518
14575
14578
15020
15024
18135
18138
18141
18412
18415
18418
18421
18424
19615
19618
19621
19624
21151
21154
21157
21160
21552
21555
21771
21959
22565
22568
22571
23884
23887
23890
24280
24283
25563
25566
25912
26148
26152
26155
26158
26161
26873
26877
26880
27092
27095
27098
27101
27794
27797
27800
28101
28109
28121
28542
28630
28633
28636
28639
28642
28646
28649
28759
28848
29138
29424
29427
29594
29597
29711
29714
29717
29720
30243
30409
30412
30862
30876
30879
30882
30885
31097
31515
31518
31555
32074
32077
32080
32140
32354
32357
35491
35494
35497
35500
35639
35642
35645
35997
36000
36003
36006
36067
36070
36073
36076
36079
36082
36264
36381
36458
36644
36680
36701
36850
36951
37263
37266
37269
37381
37397
37400
37455
37458
37757
37760
37811
38504
38720
38861
38864
38867
38870
38873
38876
39103
39106
39847
40103
40106
42076
42079
42500
42503
42506
42509
42607
42744
42958
42961
42964
42982
42985
42988
43291
43294
43409
43412
43415
43638
43641
43644
43670
43698
43797
44091
44201
44326
44417
44422
44425
44915
44918
45093
45682
45685
45688
45691
45694
46783
46786
46789
46792
46876
48026
48029
48228
48231
48234
48237
48389
48515
48737
48832
49532
49535
49538
49559
49631
49766
50243
50246
50249
50562
50565
50993
50996
51089
51092
51180
51183
51186
51189
51237
51240
51374
51428
51567
51570
51777
51780
51783
52003
52099
52102
52161
52220
52275
52278
52281
52284
52287
52386
52389
52557
52560
52563
52566
52614
52663
52752
52862
52865
52868
52871
52874
52877
52880
52883
52946
52949
52952
52955
52958
52961
52964
52967
53178
53625
53734
53755
53758
54159
54162
54209
54306
54309
54346
54349
54352
54355
54395
54480
54504
54507
54510
54553
54556
54559
54562
54593
54613
54616
54619
54724
54727
54730
54733
54797
54884
54887
54890
54956
54994
54997
55003
55025
55028
55031
55034
55037
55665
55668
55684
55687
55690
55693
55699
55703
55706
55709
55712
55827
56082
56174
56177
56180
56184
56187
56190
56193
56395
56398
56401
56413
56416
56419
56422
56458
56461
56499
56502
56521
56623
56911
56934
56944
56947
56950
57035
57042
57045
57048
57051
57985
57988
57991
58077
58080
58089
58092
58095
58098
58101
58115
58118
58121
58124
58127
58141
58147
58150
58153
58156
58162
58165
58168
58968
58971
58974
58977
58980
58983
58986
58989
58992
58995
58998
59001
59004
59007
59010
59013
59016
59019
59022
59025
59028
59031
59034
59037
59040
59043
59046
59049
59052
59055
59058
59061
59064
59067
59070
59073
59076
59079
59082
59085
59088
59091
59094
59097
59100
59104
59107
59218
59221
59228
59323
59326
59435
59438
59441
59444
59673
59676
59679
59682
59685
59688
59691
59694
59697
59700
59703
59706
59716
59719
59732
59748
59797
59800
59803
59806
59999
60002
60203
60206
60386
60389
60392
60396
60399
60402
60405
60408
60411
60414
