3281112
1
4
19
22
25
28
31
34
37
40
43
46
49
52
55
58
62
65
68
97
100
103
106
109
163
167
178
219
222
226
273
276
280
360
363
387
390
618
623
626
705
708
750
753
758
761
765
825
858
861
955
1062
1065
1068
1071
1074
1077
1080
1083
1086
1089
1092
1095
1098
1101
1104
1107
1110
1113
1116
6299
6302
6305
6308
6311
6314
6317
6320
6323
6326
6329
6332
6336
6339
6342
6345
6348
6351
6354
6408
6445
6448
6451
6454
6457
6460
6463
6466
6469
6472
6475
6478
6481
6493
6496
6614
6703
6706
6709
6712
6736
6739
6742
6745
7217
7220
7223
7226
7229
7232
7235
7238
7241
7244
7252
7277
7280
7283
7296
7299
7332
7335
7345
7348
7369
7399
7402
7414
7417
7420
7481
7484
7646
7693
7696
7702
7732
7803
7859
7862
7865
7876
7885
7932
8125
8152
8169
8177
8198
8203
8244
8247
8250
8258
8262
8265
8313
8316
8321
8324
8327
8330
8333
8352
8368
8373
8377
8388
8416
8421
8424
8460
8463
8572
8610
8648
8652
8655
8658
8661
8664
8667
8671
8676
8679
8682
8686
8795
8798
8801
8804
8807
8827
8971
9055
9121
9124
9157
9212
9244
9250
9368
9455
9469
9472
9625
9628
9631
9634
9637
9640
9643
9646
9649
9669
9672
9921
9924
10013
10073
10199
10202
10205
10233
10236
10239
10405
10437
10515
10520
10523
10582
10585
10616
10619
10622
10644
10647
10650
10653
10656
10659
10662
10665
10668
10671
10674
10677
10686
10689
10772
10775
10778
10781
10784
10787
10790
10793
10796
10799
10802
10805
10808
10823
10826
10829
10897
10900
10903
10906
10909
10912
10915
10918
10921
10924
10927
10970
10973
11110
11245
11349
11464
11587
11600
11615
11619
11675
11681
11714
11759
11765
11768
11829
11836
11840
11847
11900
11903
11906
11932
11954
11964
11968
11981
11984
12088
12096
12099
12107
12110
12113
12120
12123
12205
12211
12222
12243
12246
12249
12258
12409
12545
12625
12652
12676
12702
12715
12726
12834
12839
12842
12845
12880
12926
13052
13055
13063
13066
13069
13072
13075
13078
13081
13084
13087
13090
13093
13096
13099
13102
13105
13108
13111
13114
13117
13120
13123
13126
13129
13143
13146
13150
13153
13156
13176
13179
13217
13220
13271
13331
13334
13378
13414
13417
13484
13487
13558
13561
13564
13567
13673
13676
13679
13683
13686
13762
13766
13780
13948
13951
13985
13991
13994
14003
14006
14012
14015
14018
14036
14039
14042
14045
14089
14096
14144
14147
14197
14200
14260
14263
14299
14302
14357
14409
14417
14458
14461
14464
14485
14488
14563
14566
14570
14586
14623
14650
14653
14721
14724
14746
14791
14794
14804
14807
14834
14837
14848
14891
14906
14910
14922
14928
14931
14934
14937
14940
14945
14948
14951
14998
15003
15022
15025
15028
15031
15039
15088
15140
15143
15237
15247
15250
15269
15272
15275
15278
15281
15298
15301
15304
15307
15352
15355
15358
15366
15369
15372
15390
15393
15396
15447
15450
15453
15458
15462
15465
15494
15497
15546
15549
15605
15608
15611
15661
15664
15713
15716
15719
15822
15930
16012
16015
16019
16022
16025
16038
16069
16075
16078
16081
16084
16087
16090
16093
16096
16099
16122
16125
16128
16136
16139
16142
16164
16174
16177
16191
16194
16225
16228
16231
16252
16257
16296
16299
16306
16435
16438
16474
16477
16493
16496
16503
16506
16509
16558
16581
16584
16594
16597
16600
16603
16606
16609
16687
16690
16699
16702
16706
16709
16746
16751
16757
16760
16763
16773
16776
16779
16782
16785
16788
16791
16807
16810
16813
16816
16819
16822
16825
16828
16888
17014
17017
17020
17023
17049
17058
17061
17066
17069
17073
17076
17079
17082
17085
17088
17091
17094
17097
17100
17103
17106
17111
17127
17133
17151
17176
17179
17184
17187
17190
17198
17211
17242
17246
17286
17289
17292
17295
17298
17304
17307
17312
17315
17318
17335
17338
17341
17373
17376
17382
17385
17391
17394
17398
17401
17405
17408
17412
17416
17419
17440
17444
17450
17453
17458
17461
17464
17480
17483
17486
17489
17492
17495
17499
17502
17505
17508
17511
17529
17544
17547
17591
17594
17613
17695
17720
17727
17734
17737
17740
17743
17746
17870
17873
17880
17884
17887
17890
17893
17927
17934
17937
17940
17943
17946
17949
17952
17960
17963
17966
17969
17984
17989
17992
17995
17998
18002
18006
18009
18012
18017
18020
18023
18047
18050
18062
18065
18068
18084
18088
18091
18094
18122
18125
18141
18144
18196
18199
18220
18223
18236
18239
18242
18265
18268
18336
18339
18374
18377
18427
18430
18436
18439
18442
18445
18514
18517
18545
18642
18661
18672
18675
18689
18692
18695
18698
18723
18737
18740
18747
18792
18795
18805
18812
18815
18825
18828
18831
18834
18837
18840
18843
18846
18864
18867
18870
18874
18877
18880
18883
18886
18889
18892
18895
18898
18901
18904
18907
18910
18913
18916
18919
18937
18947
18950
18953
18962
18965
18990
18993
19017
19020
19023
19026
19029
19036
19049
19052
19055
19058
19061
19064
19115
19118
19121
19124
19127
19130
19150
19157
19160
19163
19166
19169
19172
19212
19215
19218
19221
19224
19227
19257
19287
19607
19752
19755
19758
19761
19764
19767
19808
19812
19815
19818
19821
19824
19827
19830
19833
19836
19840
19843
19846
19849
19852
19855
19858
19862
19866
19869
19876
19884
19887
19890
19893
19897
19900
19903
19994
20000
20003
20019
20022
20025
20028
20031
20034
20039
20042
20050
20053
20056
20059
20063
20081
20090
20124
20132
20140
20149
20158
20161
20215
20218
20221
20224
20244
20255
20277
20280
20321
20324
20327
20330
20333
20336
20347
20379
20382
20385
20388
20391
20400
20403
20407
20410
20415
20418
20421
20424
20427
20430
20433
20436
20520
20523
20529
20532
20535
20540
20543
20546
20549
20552
20555
20558
20561
20564
20567
20571
20574
20577
20580
20583
20586
20589
20592
20598
20601
20604
20607
20610
20613
20616
20619
20622
20625
21327
21330
21333
21336
21339
21342
21345
21348
21351
21354
21357
21360
21363
21366
21369
21481
21484
21487
21490
21493
21496
21500
21503
21506
21509
21512
21515
21518
21521
21543
21624
21794
21797
21800
21804
23619
23622
23625
24574
25631
25752
25887
25890
25912
25951
25954
25957
25960
25963
25966
25979
26063
26066
26237
26240
26243
26363
26367
26371
26376
26395
26544
26548
26567
26572
26575
26578
26581
26584
26587
26590
26715
26718
26725
26728
26731
26734
26865
26868
26871
26874
26960
26963
26966
26969
26972
26975
26978
27096
27099
27102
27153
27156
27159
27253
27257
27260
27263
27681
27684
27687
27690
27693
27696
27722
27725
28010
28013
28016
28019
28022
28025
28028
28031
28034
28037
28040
28043
28046
28049
28084
28087
28090
28093
28096
28099
28102
28111
28114
28122
28125
28128
28131
28136
28145
28148
28175
28203
28206
28231
28241
28244
28252
28255
28258
28261
28400
28403
28406
28409
28413
28416
28419
28538
28541
28544
28547
28550
28596
28599
28602
28605
28608
28625
28628
28646
28649
28652
28679
28686
28689
28694
28698
28701
28704
28707
28710
28713
28716
28719
28722
28725
28728
29118
29121
29231
29235
29836
29839
29842
29846
29849
29852
29855
29858
29861
29864
29867
29870
29873
29876
29879
29882
29885
29888
29891
29894
29897
29900
29903
29906
29909
29912
29931
29934
29937
29951
29954
31519
31522
31525
31528
31531
31534
31804
31807
31810
31813
31816
31819
31822
31825
31828
31831
31834
31837
31840
31843
31846
31870
31895
31909
31912
31973
32112
32116
32282
32285
32288
32291
32294
32297
32310
32313
32316
32319
32322
32325
32328
32331
32334
32337
32340
32343
32516
32519
32522
32525
32885
32889
32892
32896
32909
32912
32915
32921
32924
32927
33357
33360
33363
33366
33380
33383
33386
33453
33525
33528
33612
33615
33618
33621
33684
33687
33711
33784
33787
33790
33836
33912
34144
34147
34151
34159
34200
34218
34221
34224
34349
34355
34457
34460
34463
34632
34635
34810
34813
34817
34888
34891
34928
34959
34970
35010
35038
35041
35044
35047
35066
35069
35222
35243
35557
35585
35620
35637
35696
35699
35702
35705
35759
35790
35793
35796
35799
35802
35879
35882
35885
35906
35909
35912
35915
35918
35921
35934
35992
35996
35999
36094
36121
36124
36142
36168
36207
36215
36248
36420
36423
36460
36522
36525
36531
36534
36562
36565
36595
36598
36694
36697
36700
36712
36715
36718
36728
36731
36734
36754
36757
36837
36843
36871
36892
36895
36899
36938
36941
36946
36949
36952
36955
36958
36970
36973
36990
36993
36996
36999
37002
37005
37013
37017
37043
37046
37077
37103
37129
37132
37135
37146
37149
37245
37248
37281
37342
37345
37348
37351
37354
37357
37360
37369
37372
37375
37378
37381
37384
37387
37390
37393
37396
37399
37402
37405
37408
37411
37414
37417
37420
37423
37426
37429
37432
37442
37445
37448
37451
37454
37457
37460
37463
37466
37469
37472
37475
37478
37481
37484
37487
37490
37493
37496
37499
37502
37505
37508
37511
37514
37546
37549
37616
37619
37675
37716
37719
37844
38034
38641
38763
38802
38824
38827
38865
38969
38972
38975
39018
39606
39609
39613
39617
39620
39716
39954
39957
40086
40089
40092
40096
40099
40138
40141
40327
40331
40335
40338
40341
40381
40384
40387
40390
40393
40396
40458
40461
40464
40473
40476
40479
40482
40485
40491
40495
40634
40637
40658
40671
40711
40714
40717
40720
40739
40742
40745
40748
40751
40754
40757
40760
40763
40766
40769
40772
40775
40778
40781
40784
40787
40790
40793
40796
40799
40802
40805
40808
40811
40815
40818
40821
40824
40829
40847
40921
40924
40956
40959
40962
40967
40970
40973
40976
40979
40982
40985
41008
41011
41014
41017
41020
41023
41111
41114
41144
41147
41158
41177
41189
41197
41203
41206
41246
41249
41438
41469
41472
41475
41590
41782
41791
41794
41800
41804
41843
41884
41994
41997
42006
42009
42015
42370
42506
42509
42548
42578
42581
42602
42605
42608
42619
42622
42625
42628
42634
42662
42665
42673
42676
42679
42717
42720
42723
42842
42845
42848
43328
43336
43383
43392
43395
43402
43413
43422
43425
43678
43681
43740
43743
43746
43749
43752
43755
43765
43768
43771
43776
43779
43797
43947
43950
43968
44020
44023
44070
44139
44151
44154
44176
44179
44237
44353
44360
44363
44370
44378
44386
44389
44432
44435
44448
44451
44494
44497
44544
44547
44585
44633
44637
44698
44701
45341
45344
45347
45355
45358
45383
45391
45394
45397
45509
45842
45845
46043
46163
46166
46169
46195
46223
46226
46252
46255
46299
46302
46309
46312
46315
46404
46409
46412
46415
46436
46439
46442
46528
46531
46534
46586
46589
46592
46684
46687
46690
46695
46698
46701
46704
46740
46810
46813
46816
47079
47083
47086
47271
47443
47446
47449
47455
47641
47644
47656
47659
47662
47665
47668
47671
47674
47678
47681
47715
47718
47721
47724
47727
47730
47733
47789
47792
47795
47798
47865
47868
47871
48320
48323
48326
48329
48332
48335
48338
48341
48344
48352
48355
48358
48362
48365
48368
48371
48374
48377
48392
48395
48404
48442
48445
48478
48482
48485
48488
48491
48541
48578
48638
48642
48873
48894
48897
48900
48920
48927
48930
48950
48960
48966
48979
48982
49116
49119
49152
49155
49248
49320
49323
49330
49333
49336
49487
49491
49494
49507
49647
49911
49914
49917
49920
49923
49926
49930
49933
49944
49947
49950
49953
49956
49959
49962
49965
49968
49971
50010
50015
50067
50085
50191
50194
50197
50232
50235
50247
50250
50387
50446
50450
50512
50515
50642
50645
50746
50763
50766
50799
50802
50805
50808
50811
50814
50817
50824
50828
50849
50856
50859
50862
50865
50868
50871
50874
50884
50903
50933
50936
50939
50942
50946
50949
50952
50955
50958
50961
50964
50996
50999
51002
51040
51043
51046
51049
51166
51169
51203
51206
51209
51304
51307
51310
51322
51449
51455
51508
51515
51527
51688
51925
51940
51943
51946
51949
51952
51966
52004
52284
52287
52290
52293
52296
52299
52302
52305
52308
52311
52314
52317
52320
52323
52329
52354
52461
52464
52467
52470
52473
52476
52479
52482
52485
52488
52491
52494
52497
52500
52503
52506
52509
52512
52515
52518
52538
52541
52544
52548
52551
52599
52603
52618
52621
52629
52632
52635
52912
52915
52955
53210
53213
53216
53219
53222
53228
53371
53374
53676
53679
53682
53685
53688
53691
53694
53697
53700
53718
53721
53724
53727
53730
53733
53736
53739
53743
54014
54017
54020
54178
54181
55247
55255
55946
56364
56367
56370
56661
56664
56667
57558
57934
57937
58094
58097
58570
58573
58576
58776
58930
58933
58936
58939
58961
58964
58967
58991
58994
58997
59692
59695
59761
60021
60024
60184
60298
60301
60352
60418
60421
60483
60486
60489
60857
60861
60864
60973
60989
60992
60995
60998
61001
61004
61007
61997
62000
62003
62006
62009
62012
62015
62018
62021
62024
62027
62030
62033
62036
62080
62083
62086
62089
62092
62095
62098
62101
62104
62107
62110
62113
62179
62384
63565
63568
63922
63925
63928
63931
63934
63942
63945
63948
63951
64109
64112
64115
64118
64731
64734
64737
64740
64743
64940
65096
65126
65129
65132
65137
65316
65322
65325
65328
65331
65498
65863
65866
65869
65872
65923
65926
65929
66371
66374
66764
66767
66770
66773
66808
66977
66980
66983
67069
67072
67075
67078
67641
67644
67647
67752
67755
67758
67779
67782
67976
67979
67982
67985
67988
68311
68314
68317
68657
68906
68909
68912
68918
68921
68924
68927
68930
68933
68936
68939
68943
69922
69925
69928
70777
70780
70783
70786
70789
70792
70795
70798
70901
70904
70907
70910
70913
70916
71410
71413
71876
71879
71882
71885
71901
72192
72195
72198
72201
72204
72208
72211
72266
72285
72288
72291
72294
72297
72735
72738
72757
72760
72798
72958
72961
72964
73013
73016
73019
73022
73025
73028
73031
73037
73212
73217
73220
73271
73274
73278
73281
73284
73287
73414
73418
73526
73688
73691
73694
73751
73754
73757
73760
73871
73874
73877
73880
73883
73886
73889
73892
73895
73898
73932
73935
73938
74041
74066
74069
74072
74075
74078
74081
74084
74087
74090
74093
74161
74424
74429
74464
74467
74470
74473
74476
74496
74696
74699
74702
74705
74782
74831
74866
74886
74889
74919
74989
74992
74995
74998
75001
75007
75010
75067
75070
75073
77045
77048
77051
77054
77202
77205
77365
77368
77371
77438
77441
77659
77662
77665
77668
77962
77965
77968
78064
78109
78121
78124
78127
78130
78133
78136
78139
78154
78176
78183
78186
78189
78201
78226
78229
78232
78235
78238
78241
78261
78272
78275
78279
78285
78288
78306
78309
78312
78315
78318
78321
78324
78327
78330
78333
78336
