3291537
1
4
22
25
28
31
34
50
53
56
59
62
65
68
71
74
77
180
183
186
189
192
195
198
201
204
207
210
213
216
219
222
230
233
236
246
250
253
266
351
355
367
370
436
467
470
532
550
553
604
627
630
633
642
647
656
710
713
716
966
1272
1275
1278
1281
1286
1306
1309
1312
1315
1326
1333
1337
1369
1372
1376
1379
1382
1441
1445
1454
1464
1467
1490
1493
1496
1511
1538
1541
1551
1672
1675
1687
1690
1693
1696
1699
1792
1795
1832
1868
1871
1916
1919
1922
2018
2247
2265
2280
2283
2377
2465
2469
2479
2529
2534
2562
2565
2599
2602
2611
2614
2617
2620
2729
2749
2817
2911
2922
2954
2957
2960
2963
2966
2969
2972
2975
3075
3099
3102
3105
3117
3124
3127
3134
3142
3282
3291
3294
3304
3307
3310
3313
3316
3319
3322
3325
3328
3331
3335
3339
3342
3354
3359
3362
3365
3370
3387
3394
3449
3480
3483
3486
3501
3504
3533
3536
3548
3551
3579
3624
3627
3630
3636
3661
3675
3678
3698
3707
3711
3714
3731
3734
3737
3757
3760
3782
3785
3808
3811
3814
3846
3849
3854
3857
3860
3884
3887
3892
3929
3932
3942
3956
3959
3965
4031
4034
4058
4061
4076
4079
4129
4132
4143
4147
4165
4173
4185
4188
4207
4223
4226
4229
4232
4235
4238
4241
4244
4247
4250
4255
4258
4261
4264
4267
4270
4273
4276
4279
4282
4286
4289
4292
4295
4298
4330
4333
4336
4339
4342
4345
4358
4361
4364
4367
4383
4386
4390
4393
4396
4399
4403
4561
4564
4567
4570
4583
4592
4599
4602
4605
4610
4622
4625
4636
4639
4642
4645
4677
4680
4686
4689
4692
4695
4698
4701
4704
4707
4710
4713
4750
4753
4807
4810
4816
4819
4897
4900
4903
4906
4909
4912
4917
4920
4923
4940
4965
4968
4971
4977
4980
4989
4992
5006
5043
5046
5049
5052
5072
5075
5087
5090
5093
5102
5105
5108
5111
5114
5119
5123
5126
5148
5161
5164
5177
5180
5185
5189
5194
5197
5200
5206
5209
5212
5215
5218
5221
5224
5227
5230
5233
5238
5241
5247
5250
5253
5257
5266
5273
5276
5279
5286
5289
5299
5302
5319
5402
5419
5434
5437
5440
5448
5451
5454
5457
5460
5463
5467
5470
5473
5567
5570
5575
5578
5588
5614
5618
5621
5624
5628
5631
5634
5637
5640
5643
5646
5649
5652
5655
5658
5661
5664
5667
5670
5673
5676
5679
5682
5685
5688
5691
5694
5697
5700
5703
5706
5709
5712
5715
5718
5721
5725
5728
5731
5734
5737
5740
5743
5746
5749
5753
5756
5760
5763
5766
5770
5775
5778
5781
5788
5791
5794
5797
5800
5803
5806
5809
5812
5815
5818
5821
5824
5827
5830
5833
5836
5839
5842
5845
5848
5851
5854
5857
5860
5863
5866
5869
5872
5875
5878
5881
5885
5888
5891
5894
5897
5900
5903
5906
5909
5912
5915
5918
5921
5924
5927
5930
5933
5936
5939
5942
5945
5948
5951
5954
5957
5960
5963
5966
5969
5972
5975
5978
5981
5984
5987
5990
5993
5996
5999
6002
6005
6008
6011
6014
6017
6020
6023
6026
6029
6032
6035
6038
6041
6044
6047
6050
6053
6056
6059
6062
6065
6068
6071
6074
6077
6080
6083
6086
6089
6092
6095
6098
6101
6104
6107
6110
6113
6116
6119
6123
6126
6129
6132
6135
6138
6141
6144
6147
6150
6153
6156
6159
6162
6165
6168
6171
6174
6177
6180
6183
6186
6189
6192
6195
6198
6201
6204
6207
6210
6213
6216
6219
6222
6225
6228
6231
6234
6237
6240
6243
6246
6249
6252
6255
6258
6261
6264
6267
6270
6275
6278
6281
6284
6291
6298
6301
6304
6307
6310
6313
6316
6321
6324
6327
6330
6333
6336
6340
6343
6347
6350
6353
6356
6359
6362
6367
6370
6373
6376
6379
6382
6387
6394
6397
6400
6403
6406
6409
6412
6415
6418
6421
6424
6427
6434
6438
6454
6457
6460
6465
6473
6476
6484
6496
6504
6510
6513
6527
6530
6533
6536
6539
6542
6545
6548
6551
6556
6559
6562
6565
6568
6571
6574
6577
6581
6584
6587
6592
6595
6598
6601
6605
6612
6615
6618
6621
6624
6627
6630
6633
6643
6650
6653
6663
6666
6669
6672
6675
6678
6681
6687
6690
6695
6698
6701
6705
6713
6716
6719
6722
6725
6730
6733
6737
6740
6753
6757
6760
6763
6768
6771
6776
6779
6782
6785
6788
6799
6806
6826
6829
6833
6836
6839
6843
6846
6849
6852
6855
6858
6861
6864
6867
6870
6873
6876
6880
6883
6886
6889
6892
6895
6898
6901
6904
6907
6910
6913
6916
6919
6922
6925
6928
6931
6934
6937
6940
6943
6946
6949
6952
6955
6958
6961
6964
6967
6970
6973
6976
6979
6982
6985
6988
6991
6994
6997
7000
7003
7006
7009
7012
7015
7018
7021
7024
7027
7030
7033
7036
7039
7042
7045
7048
7051
7054
7057
7060
7063
7066
7069
7072
7075
7078
7081
7084
7087
7090
7093
7096
7099
7103
7106
7109
7112
7115
7118
7121
7124
7130
7133
7136
7139
7142
7145
7148
7151
7154
7157
7160
7163
7166
7169
7172
7176
7179
7182
7185
7188
7191
7194
7197
7200
7203
7206
7209
7212
7215
7218
7221
7224
7227
7230
7233
7236
7239
7242
7245
7248
7251
7254
7257
7260
7263
7266
7269
7272
7275
7278
7281
7284
7287
7290
7293
7296
7299
7302
7305
7308
7311
7314
7317
7320
7323
7326
7329
7332
7335
7338
7341
7344
7347
7350
7353
7356
7359
7362
7365
7368
7371
7374
7377
7380
7383
7386
7389
7392
7395
7398
7401
7404
7407
7410
7413
7416
7420
7427
7430
7433
7436
7440
7443
7446
7449
7452
7456
7459
7470
7474
7477
7482
7485
7488
7491
7494
7499
7504
7507
7510
7513
7517
7520
7523
7526
7529
7532
7538
7541
7544
7549
7568
7571
7583
7586
7589
7598
7601
7604
7607
7610
7613
7616
7621
7624
7635
7638
7656
7659
7662
7665
7668
7675
7687
7690
7693
7696
7699
7702
7705
7715
7718
7721
7724
7727
7730
7739
7742
7745
7748
7751
7754
7757
7760
7763
7766
7769
7772
7775
7778
7781
7784
7787
7790
7793
7796
7799
7802
7805
7808
7811
7814
7817
7820
7823
7826
7829
7832
7835
7838
7841
7844
7847
7850
7853
7856
7859
7862
7865
7868
7871
7874
7877
7880
7883
7886
7889
7892
7895
7898
7901
7904
7907
7910
7913
7916
7919
7922
7925
7928
7931
7934
7937
7940
7943
7946
7949
7952
7955
7959
7962
7965
7968
7971
7974
7977
7980
7983
7986
7989
7992
7995
7998
8001
8004
8007
8010
8013
8016
8019
8022
8031
8034
8037
8042
8045
8048
8051
8054
8057
8060
8063
8066
8069
8072
8076
8079
8082
8085
8088
8092
8095
8098
8101
8104
8107
8110
8113
8116
8119
8122
8126
8129
8132
8143
8152
8155
8158
8161
8164
8167
8170
8173
8176
8179
8182
8186
8189
8192
8195
8199
8202
8205
8208
8211
8214
8217
8228
8236
8239
8245
8250
8254
8257
8260
8263
8266
8269
8272
8275
8278
8281
8284
8287
8290
8293
8296
8299
8302
8306
8325
8329
8344
8347
8350
8353
8356
8359
8362
8365
8368
8371
8374
8377
8380
8383
8386
8389
8392
8395
8398
8401
8404
8407
8410
8413
8416
8419
8422
8425
8428
8431
8434
8437
8440
8443
8446
8449
8452
8455
8458
8461
8464
8467
8470
8473
8476
8479
8482
8485
8488
8491
8494
8497
8500
8503
8506
8510
8513
8516
8519
8522
8525
8528
8531
8534
8537
8540
8543
8546
8549
8552
8555
8558
8561
8564
8567
8570
8573
8576
8579
8582
8585
8588
8591
8594
8597
8600
8603
8606
8609
8612
8620
8623
8626
8629
8632
8635
8638
8641
8644
8647
8650
8653
8656
8659
8662
8665
8668
8671
8674
8677
8680
8683
8686
8689
8692
8695
8698
8701
8704
8708
8711
8714
8717
8720
8723
8726
8729
8732
8735
8738
8741
8744
8747
8750
8753
8756
8759
8762
8765
8768
8771
8774
8777
8780
8783
8786
8789
8792
8795
8798
8801
8804
8807
8810
8813
8816
8819
8822
8825
8828
8831
8834
8837
8840
8843
8846
8849
8852
8855
8858
8861
8864
8867
8870
8873
8877
8880
8883
8886
8889
8892
8895
8898
8901
8904
8907
8910
8913
8916
8919
8922
8925
8928
8931
8934
8937
8940
8943
8946
8949
8953
8957
8960
8963
8966
8969
8973
8976
8979
8982
8985
8988
8992
8995
9019
9022
9043
9046
9049
9054
9064
9074
9077
9094
9097
9118
9123
9126
9130
9133
9136
9141
9148
9151
9154
9168
9171
9174
9177
9191
9194
9197
9200
9203
9206
9209
9212
9215
9218
9221
9224
9227
9230
9233
9236
9239
9242
9245
9248
9251
9254
9257
9261
9264
9267
9270
9273
9276
9279
9282
9285
9288
9291
9294
9297
9300
9303
9306
9309
9312
9317
9320
9358
9371
9383
9386
9389
9808
9811
9814
9817
9820
9823
9826
9829
9832
9835
9838
9848
9851
9916
9919
9922
9925
9928
9931
9934
9937
9940
9943
9947
9950
10035
10038
10068
10071
10074
10077
10080
10083
10087
10090
10093
10099
10102
10105
10108
10111
10114
10117
10120
10171
10174
10241
10268
10294
10297
10300
10303
10308
10311
10320
10323
10326
10329
10332
10351
10355
10358
10361
10364
10367
10373
10377
10381
10384
10387
10452
10455
10458
10461
10464
10467
10470
10473
10504
10532
10535
10547
10550
10553
10556
10559
10562
10565
10568
10571
10574
10577
10586
10589
10592
10595
10599
10652
10655
10729
10732
10767
10772
10775
10926
10942
10945
10960
11008
11068
11185
11188
11191
11194
11197
11200
11203
11206
11209
11212
11215
11218
11230
11233
11236
11239
11242
11245
11248
11251
11254
11257
11260
11263
11266
11269
11272
11275
11278
11281
11284
11287
11290
11293
11296
11299
11302
11305
11308
11311
11314
11317
11320
11323
11326
11811
11814
11817
11820
11823
11833
11836
11841
11852
11855
11858
11861
12008
12020
12077
12080
12083
12108
12111
12114
12117
12120
12123
12126
12129
12132
12135
12138
12141
12144
12188
12191
12194
12197
12200
12203
12206
12209
12212
12219
12230
12233
12255
12258
12269
12272
12275
12278
12281
12284
12288
12291
12294
12297
12300
12303
12308
12311
12314
12323
12351
12354
12357
12360
12371
12388
12398
12402
12405
12413
12416
12433
12436
12452
12455
12474
12477
12491
12494
12497
12503
12506
12509
12512
12515
12524
12527
12530
12533
12548
12551
12559
12562
12573
12589
12598
12604
12607
12637
12644
12659
12702
12719
12722
12725
12754
12757
12799
12802
12805
12808
12871
12940
12962
13058
13139
13142
13151
13154
13157
13160
13163
13166
13169
13172
13175
13178
13185
13188
13195
13198
13201
13204
13207
13511
13514
13517
13585
13588
13596
13601
13607
13640
13645
13751
13792
13933
13936
13939
13942
13947
13950
13970
13973
14125
14128
14142
14167
14180
14188
14191
14194
14230
14233
14236
14254
14257
14260
14263
14269
14272
14276
14281
14284
14287
14290
14293
14296
14299
14302
14305
14308
14311
14314
14317
14320
14323
14326
14329
14332
14335
14338
14341
14344
14347
14350
14353
14357
14360
14364
14367
14371
14374
14382
14385
14388
14391
14394
14399
14439
14442
14445
14481
14484
14498
14501
14505
14508
14511
14514
14560
14563
14591
14594
14597
14600
14603
14606
14609
14847
14979
14999
15002
15006
15035
15038
15064
15067
15070
15095
15098
15101
15295
15298
15301
15435
15438
15441
15444
15787
15790
15794
15797
15800
15803
15806
15809
15812
15815
15818
15821
15824
15827
15830
16273
16276
16279
16282
16285
16288
16291
16296
16312
16315
16342
16345
16442
16445
16448
16451
16497
16504
16533
16613
16652
16655
16756
16810
16833
16844
16847
16873
16918
16921
16924
16927
16930
16934
16937
16940
16943
16946
16949
16952
16955
16958
16961
16978
16981
16984
17025
17029
17032
17037
17182
17185
17191
17194
17214
17230
17233
17291
17294
17342
17359
17362
17365
17368
17371
17374
17382
17385
17388
17503
17682
17800
17864
17867
17870
17873
17879
17884
17887
17890
17893
17899
17904
17907
17920
17923
17926
17929
17932
17935
17938
17941
17944
17947
17975
17978
17981
17984
17987
17990
17995
17998
18001
18004
18011
18014
18042
18045
18048
18051
18077
18080
18083
18101
18104
18107
18110
18123
18126
18129
18132
18135
18151
18154
18157
18160
18163
18316
18319
18322
18325
18328
18348
18351
18361
18364
18367
18370
18373
18376
18379
18382
18385
18388
18391
18394
18397
18416
18419
18468
18490
18493
18500
18503
18529
18571
18587
18597
18600
18605
18653
18656
18659
18662
18665
18668
18671
18674
18677
18680
18683
18686
18689
18692
18695
18698
18701
18704
18708
18711
18718
18721
18726
18730
18733
18736
18739
18742
18745
18764
18767
18771
18774
18777
18811
18886
18955
19004
19007
19010
19107
19145
19167
19170
19192
19230
19233
19236
19244
19247
19278
19281
19284
19287
19341
19346
19350
19369
19372
19380
19384
19421
19460
19516
19519
19632
19635
19638
19641
19722
19725
19744
19765
19768
19881
19884
19917
19920
19957
19960
19969
19974
20041
20050
20140
20161
20220
20223
20245
20248
20251
20297
20305
20308
20311
20314
20317
20320
20325
20329
20345
20348
20351
20356
20364
20367
20370
20373
20376
20383
20387
20390
20393
20396
20399
20402
20405
20411
20416
20419
20422
20462
20549
20552
20559
20562
20569
20572
20588
20595
20598
20601
20604
20607
20777
20821
20824
20827
20830
20845
20852
20859
20862
20892
20895
20906
20909
20912
20986
21034
21070
21073
21120
21123
21135
21138
21142
21146
21149
21154
21157
21206
21209
21212
21215
21219
21262
21265
21273
21276
21283
21288
21295
21298
21337
21350
21353
21367
21370
21373
21381
21386
21425
21488
21500
21564
21621
21624
21655
21722
21725
21771
21774
21778
21781
21784
21824
21858
21862
21889
21924
21927
21954
21958
22008
22011
22014
22017
22041
22044
22047
22050
22054
22062
22065
22068
22071
22074
22077
22080
22083
22136
22139
22197
22200
22261
22264
22267
22270
22273
22276
22279
22282
22285
22288
22302
22305
22308
22314
22317
22320
22323
22326
22329
22332
22335
22338
22341
22344
22347
22350
22353
22356
22359
22362
22365
22368
22373
22376
22379
22382
22385
22388
22391
22394
22397
22400
22403
22406
22409
22412
22415
22418
22421
22424
22427
22430
22433
22436
22439
22444
22447
22450
22453
22456
22459
22475
22478
22481
22484
22487
22490
22493
22496
22499
22502
22505
22508
22511
22516
22531
22545
22548
22554
22568
22571
22574
22577
22580
22683
22686
22708
22711
22963
22966
22969
22995
22999
23002
23011
23014
23140
23197
23207
23252
23410
23413
23416
23424
23427
23436
23444
23455
23483
23528
23531
23560
23608
23611
23614
23617
23620
23623
23747
23811
23814
23860
23863
23866
23869
23953
23956
23959
24024
24029
24032
24035
24080
24094
24116
24119
24122
24125
24128
24131
24166
24169
24200
24298
24301
24304
24340
24343
24346
24395
24437
24440
24470
24538
24542
24545
24550
24578
24900
24903
24928
24931
24942
24945
24948
25079
25086
25089
25121
25126
25134
25176
25193
25196
25199
25202
25209
25212
25358
25364
25367
25417
25425
25492
25495
25635
25638
25641
25644
25647
25650
25653
25667
25670
25726
25805
25821
25849
25852
25891
25999
26002
26033
26128
26131
26141
26144
26147
26163
26166
26185
26188
26194
26197
26201
26204
26214
26220
26265
26268
26271
26322
26325
26340
26344
26353
26361
26364
26367
26378
26382
26385
26388
26391
26394
26397
26401
26404
26407
26410
26413
26417
26420
26423
26426
26429
26432
26435
26453
26456
26459
26480
26483
26486
26489
26492
26495
26498
26501
26504
26507
26510
26513
26516
26519
26522
26525
26528
26534
26537
26557
26566
26569
26596
26599
26602
26644
26647
26684
26687
26694
26698
26729
26732
26737
26740
26743
26746
26749
26752
26755
26758
26763
26766
26777
26780
26783
26787
26790
26803
26806
26809
26812
26826
26876
26879
26891
26957
27047
27050
27108
27111
27115
27143
27146
27149
27191
27206
27209
27244
27248
27280
27284
27324
27327
27386
27389
27421
27424
27502
27505
27515
27518
27536
27540
27553
27556
27567
27675
27697
27700
27703
27707
27739
27742
27745
27748
27751
27754
27773
27776
28200
28203
28206
28209
28217
28231
28316
28319
28389
28462
28465
28493
28497
28500
28528
28531
28534
29546
29549
29552
29555
29558
29561
29564
29567
29590
31157
31160
31163
31166
31739
31742
31745
31748
31808
31811
31834
31841
31844
31847
31851
31866
31869
31897
31979
31982
31985
31988
31991
31994
31997
32109
32120
32123
32409
32412
32415
32418
32421
32424
32427
32514
33133
33136
33139
33142
33515
33518
33521
33688
33691
34154
34301
34304
34307
34467
34519
34522
34671
34757
34760
34780
34783
34809
34812
34815
34818
34821
34824
34846
34899
34902
34964
34968
35320
35323
35326
35329
35332
35350
35354
35407
35493
35709
35712
36120
36125
36228
36231
36234
36237
36645
36648
36651
36654
36657
36660
36663
36666
37647
37651
37654
37657
37660
37704
37707
37894
37897
37900
37918
37921
37924
37927
37931
37934
37950
37968
37971
37974
37977
37980
37983
37986
37989
37992
38218
38221
38224
38227
38230
38233
38236
38239
38242
38245
38248
38251
38383
38386
39028
39031
39034
39289
39292
39295
39298
39476
39479
39482
39485
39488
39773
39776
39779
39782
39785
39788
39791
39795
39798
40044
40047
40050
40071
40074
40077
40136
40139
40142
40145
40148
40151
40154
40157
40160
40163
40166
40170
40699
40702
40705
40708
40711
40714
40717
40720
40723
40762
40777
40780
40783
40786
40789
40792
40795
40798
40801
40804
40807
40810
40813
40816
40829
40832
40857
41686
41712
42101
42104
42713
42716
43392
44760
45175
45178
45200
45203
45206
45209
45212
45215
45218
45221
45224
45227
45230
45305
45565
45568
45723
45938
45941
45944
45947
46310
46314
46317
46320
46323
46441
46587
46590
46593
46935
46938
46941
47076
47079
47244
47247
47535
47538
47541
47544
47547
47550
47853
47999
48002
48088
48101
48157
48160
48164
48420
48423
48479
48691
48694
48697
48741
48744
48770
48773
48776
48779
49077
49080
49083
49086
49089
49645
49648
49651
49654
49657
49660
50400
50405
50408
50411
50748
50751
50754
51490
51493
51496
51499
51502
51505
51508
51511
52788
52791
52794
52797
52862
52865
52896
52926
52929
52932
52935
53328
53539
53542
53545
53548
53778
53870
53873
53989
54157
54160
54163
54166
54290
54293
54296
54299
54302
54305
54424
54427
54430
54809
54817
54820
54823
54826
54829
54837
54841
54844
54847
54850
54853
54856
54859
54862
54978
54981
55286
55422
55444
55447
55450
55453
55839
55842
55845
55848
55887
55890
56007
56010
56013
56016
56051
56068
56206
56209
56212
56215
56218
56221
56224
56227
56230
56274
56277
56522
56525
56590
56619
56622
56625
56628
56631
56659
56737
56740
56744
56747
56804
56807
56811
56814
56817
56820
56846
56884
56889
56892
56895
56898
56901
56904
56910
56913
56992
56995
57159
57162
57165
57168
57171
57174
57184
57218
57222
57275
57308
57454
57531
57534
57538
57541
57544
57547
57550
57553
57556
57559
57562
57565
57568
57571
57574
57577
57638
57641
57729
57732
57780
57783
57821
57824
57827
57831
57834
57837
57840
57854
57857
57862
57896
57899
57902
57905
57975
57978
57990
57993
58023
58026
58052
58163
58187
58190
58193
58212
58215
58230
58233
58378
58381
58384
58387
58407
58410
58413
58416
58429
58486
58489
58492
58495
58498
58501
58523
58569
58769
58804
58807
58810
58813
58816
58820
58823
58826
58901
58904
58907
58910
58913
59059
59062
59594
59597
60129
60132
60135
60138
60141
60144
60147
60150
60153
60156
60159
60162
60165
60168
60171
60174
60216
60219
60222
60225
60228
60231
60234
60237
60240
60243
60246
60249
60252
60255
60258
60261
60264
60267
60270
60273
60276
60279
60282
60285
60288
60291
60294
60297
60300
60303
60306
60353
60356
60359
60362
60365
60368
60371
60423
60426
60436
60439
60442
60445
60448
60451
60456
60459
60462
60465
60468
60471
60474
60477
60770
60773
60776
60779
60782
60785
60788
60791
60794
60797
60800
60803
60806
60809
60812
60815
60818
60821
60826
60843
60846
60849
60852
60855
60858
60861
60871
60889
60892
60909
60913
60983
60993
60996
61018
61021
61035
61251
61257
61260
61263
61445
61554
61741
61818
61825
62067
62083
62430
62434
62439
62453
62498
62572
62580
62583
62609
62612
62621
62680
62683
62833
62836
62932
62985
62988
63082
63124
63127
63170
63178
63183
63188
63191
63198
63211
63216
63219
63222
63225
63229
63248
63251
63254
63258
63261
63284
63287
63291
63294
63297
63300
63303
63306
63309
63312
63315
63324
63327
63330
63333
63350
63353
63356
63370
63373
63392
63416
63419
63431
63434
63438
63478
63481
63487
63490
63493
63496
63499
63503
63506
63509
63512
63515
63518
63521
63524
63527
63530
63533
63536
63539
63542
63545
63548
63551
63556
63575
63614
63618
63621
63624
63627
63630
63706
63709
63748
63751
63754
63761
63764
63807
63814
63817
63833
63836
63842
63845
63860
63863
63866
63869
63872
63875
63890
63893
63899
63902
63905
63908
63926
63947
63950
63957
63970
63986
64002
64017
64020
64023
64032
64035
64041
64050
64053
64056
64059
64093
64096
64111
64114
64117
64124
64127
64137
64140
64143
64151
64157
64277
64280
64283
64286
64289
64292
64311
64340
64375
64378
64391
64394
64400
64403
64406
64436
64443
64446
64449
64452
64468
64471
64506
64522
64562
64565
64568
64571
64659
64779
64827
64871
64892
64911
64914
64917
64923
65028
65068
65089
65106
65117
65120
65133
65136
65139
65142
65145
65148
65151
65154
65273
65319
65327
65340
65343
65351
65361
65364
65367
65396
65399
65411
65414
65417
65427
65430
65433
65453
65459
65468
65493
65496
65559
65562
65570
65582
65590
65593
65618
65663
65667
65670
65677
65680
65683
65686
65696
65699
65776
65779
65797
65800
65804
65814
65829
65833
65836
65839
65842
65845
65878
65881
65884
65887
65890
65893
65896
65916
65968
65971
65974
65977
65980
65983
65986
65989
66006
66010
66013
66016
66019
66022
66025
66043
66046
66049
66052
66082
66085
66097
66144
66152
66155
66158
66180
66183
66186
66189
66192
66202
66205
66208
66211
66214
66253
66256
66279
66291
66294
66299
66326
66329
66332
66355
66374
66377
66412
66415
66420
66438
66451
66454
66461
66464
66467
66470
66529
66532
66538
66541
66544
66549
66552
66587
66617
66631
66635
66638
66641
66650
66653
66663
66666
66670
66674
66677
66681
66696
66724
66727
66763
66766
66769
66779
66792
66795
66798
66823
66849
66861
66898
66949
66952
66973
66983
67028
67031
67057
67103
67135
67138
67147
67185
67188
67191
67194
67197
67200
67203
67214
67217
67229
67233
67246
67256
67263
67266
67272
67283
67286
67295
67298
67302
67317
67320
67325
67328
67335
67338
67342
67386
67389
67392
67405
67447
67484
67487
67492
67505
67508
67521
67524
67534
67544
67547
67560
67563
67595
67598
67608
67611
67614
67636
67639
67642
67650
67653
67656
67661
67664
67678
67681
67700
67703
67706
67709
67763
67766
67913
67920
67933
67958
67961
68166
68169
68375
68378
68381
68384
68387
68390
68393
68457
68460
68463
68466
68469
68472
68475
68478
68481
68484
68487
68490
68493
68509
68513
68516
68519
68522
68525
68528
68531
68534
68537
68540
68589
68598
68601
68664
68719
68723
68726
68729
68732
68735
68738
68741
68744
68747
68750
68763
68766
68900
68913
68931
68934
68937
68940
68943
68946
68949
68952
68964
68967
69340
69343
69357
69360
69363
69366
69369
69372
69375
69406
69409
69816
69819
69822
69825
69828
69837
69840
69847
69850
69892
69895
69927
69972
69977
70047
70060
70076
70079
70082
70088
70131
70176
70187
70251
70291
70295
70318
70401
70404
70407
70415
70418
70421
70450
70487
70516
70534
70540
70543
70562
70565
70568
70571
70575
70585
70621
70624
70643
70658
70666
70669
70677
70687
70718
70721
70748
70772
70775
70821
70858
70862
70871
70875
70903
70912
70915
71027
71066
71069
71079
71082
71113
71116
71156
71159
71210
71213
71216
71219
71238
71241
71260
71348
71504
71528
71531
71534
71549
71558
71561
71568
71571
71574
71587
71657
71666
71669
71675
71678
71682
71691
71696
71774
71786
71856
71859
71862
71865
71868
71871
71874
71959
71962
71965
71999
72002
72011
72018
72061
72064
72067
72070
72073
72076
72079
72082
72085
72088
72091
72102
72105
72108
72111
72114
72119
72122
72166
72177
72190
72207
72216
72272
72275
72290
72331
72335
72355
72409
72454
72457
72460
72502
72519
72522
72525
72528
72531
72534
72576
72579
72582
72585
72588
72592
72595
72598
72601
72605
72608
72611
72615
72622
72625
72628
72631
72638
72641
72644
72647
72661
72664
72780
72887
72890
72893
72896
72899
72921
72924
72928
72931
72949
72996
73002
73010
73054
73060
73073
73085
73095
73098
73102
73118
73121
73134
73137
73145
73148
73153
73156
73159
73194
73201
73238
73245
73248
73251
73254
73257
73262
73305
73308
73311
73314
73321
73328
73331
73337
73340
73343
73348
73352
73355
73379
73382
73387
73390
73393
73396
73399
73402
73405
73441
73444
73447
73450
73456
73462
73465
73468
73471
73474
73477
73480
73483
