329857
1
5
8
11
14
17
20
23
114
117
120
123
131
134
137
140
1495
1498
1501
1504
1507
1555
1558
1603
1606
1821
1824
1827
1833
1884
1887
1890
1893
1896
1899
1902
1908
1911
1914
1922
1925
1928
1931
1934
1937
1940
1943
1946
2110
2116
2119
2122
2370
2373
2695
2698
2701
2704
2707
2781
2784
2787
2790
2793
2796
2799
2802
2805
2808
2832
2835
2838
2841
2854
2897
2991
3082
3085
3088
3091
3109
3126
3129
3132
3135
3212
3215
3228
3336
3483
3496
3499
3502
3561
3821
3824
3827
3846
3858
3861
3874
3877
3880
3883
3886
3889
3892
3895
3898
3901
3904
3907
3910
3913
3916
3919
3922
3925
3928
3931
3935
3938
3941
3944
3947
3950
3953
3956
3959
3962
3965
3968
3971
3974
3977
3980
3983
3986
3993
4004
4028
4031
4035
4263
4266
4275
4278
4295
4299
4302
4305
4308
4311
4314
4317
4320
4323
4326
4938
4983
4986
5054
5057
5060
5063
5066
5069
5072
5075
5078
5081
5084
5087
5090
5093
5108
5111
5114
5117
5122
5125
5128
5131
6738
6741
6744
6747
8269
8273
8282
8285
8288
8291
8294
8297
8307
8314
8317
8343
8346
8349
8352
8355
8358
8361
8365
8368
8371
8374
8377
8440
8443
8487
8490
8493
8497
8500
8503
8506
8555
8558
8595
8598
8601
8604
8607
8610
8636
8639
8642
8645
8648
8786
9063
9213
9216
9230
9233
9393
9543
9655
9711
9714
9717
9981
9984
9987
9992
10176
10203
10208
10349
10352
10366
10408
10411
10414
10417
10439
10442
10445
10469
10472
10475
10480
10494
10497
10502
10505
10522
10525
10528
10531
10534
10556
10559
10562
10565
10627
10630
10647
10701
10704
10746
10755
10827
10830
10833
10836
10843
10855
10895
10898
10901
10936
10940
10943
10951
10954
10968
10971
10999
11002
11005
11008
11017
11021
11055
11058
11102
11105
11155
11158
11161
11164
11167
11178
11181
11184
11187
11200
11203
11206
11226
11229
11232
11235
11238
11241
11244
11247
11250
11299
11302
11451
11470
12021
12024
12051
12054
12432
12435
12477
12480
12484
12487
12524
12527
12552
12555
12558
12617
12620
12626
12629
12662
12665
12673
12676
12679
12682
12700
12703
12713
12716
12742
12745
12765
12768
12805
12808
12813
12816
12865
12868
12876
12879
12973
12976
12981
12984
13080
13083
13086
13089
13092
13099
13102
13105
13149
13152
13155
13158
13233
13236
13289
13292
13295
13315
13318
13367
13370
13374
13377
13466
13469
13472
13475
13514
13517
13521
13524
13527
13530
13541
13544
13548
13551
13554
13562
13565
13568
13573
13576
13583
13586
13589
13592
13597
13600
13603
13606
13609
13665
13668
13865
13868
13904
13907
14119
14122
14168
14171
14198
14201
14204
14207
14211
14214
14217
14241
14670
14673
14676
14679
14682
14701
14704
14707
14710
14713
14716
14725
14934
14954
14965
14968
14971
14974
14995
14998
15021
15096
15099
15103
15106
15109
15112
15115
15323
15326
15329
15332
15363
15366
15369
15372
15375
15378
15381
15384
15387
15390
15393
15404
15407
15414
15417
15420
15424
15441
15444
15447
15450
15490
15493
15496
15505
15508
15511
15514
15517
15523
15532
15539
15542
15545
15548
15551
15656
15659
15665
15674
15677
15680
15683
15686
15689
15692
15695
15698
15702
15705
15708
15711
15715
15718
15721
15761
15764
15772
15775
15783
15786
15789
15792
15795
15798
15801
15804
15807
15810
15813
15816
15819
15825
15828
15831
15834
15837
15840
15843
15849
15852
15855
15858
15861
15864
15867
15870
15873
15876
15879
15884
15887
15895
15898
15901
15904
15907
15910
15913
15916
15919
15922
15925
15928
15931
15934
15937
15940
15943
15946
15949
15952
15955
15958
15961
15964
15967
15970
15988
15992
16018
16021
16024
16027
16031
16034
16046
16050
16053
16056
16059
16062
16065
16068
16071
16074
16077
16080
16083
16086
16089
16092
16095
16098
16101
16104
16107
16110
16113
16129
16132
16135
16138
16141
16144
16147
16150
16153
16156
16168
16192
16208
16213
16235
16243
16253
16256
16259
16262
16265
16268
16271
16274
16277
16280
16283
16286
16293
16299
16306
16309
16312
16322
16329
16332
16335
16338
16341
16344
16351
16354
16362
16368
16371
16374
16380
16414
16417
16420
16431
16435
16438
16441
16444
16447
16469
16472
16480
16486
16498
16501
16524
16527
16530
16539
16545
16565
16568
16576
16579
16582
16585
16588
16591
16594
16597
16601
16604
16630
16667
16672
16677
16680
16683
16698
16701
16716
16719
16722
16725
16728
16732
16753
16759
16767
16770
16790
16793
16798
16827
16838
16883
16887
16890
16893
16896
16899
16904
16907
16910
16922
16925
16939
16943
16946
16954
16957
16968
16971
16975
16978
16981
16984
16992
17040
17043
17058
17061
17081
17110
17133
17140
17143
17146
17159
17188
17206
17209
17212
17215
17341
17372
17383
17401
17404
17407
17410
17413
17441
17589
17655
17668
17688
17691
17694
17697
17700
17703
17706
17709
17721
17724
17727
17730
17733
17750
17753
17756
17759
17762
17765
17768
17771
17774
17777
17781
17784
17791
17799
17807
17810
17813
17816
17819
17822
17825
17828
17831
17839
17842
17845
17848
17854
17857
17860
17863
17867
17870
17873
17876
17894
17897
17900
17903
17906
17913
17916
17920
17924
17927
17930
17933
17936
17939
17942
17952
17955
17961
17973
17976
17979
17982
17985
17988
18064
18067
18070
18073
18076
18079
18082
18085
18089
18107
18113
18116
18561
18564
18567
18578
18581
18584
18587
18590
18593
18596
18613
18616
18619
18626
18629
18632
18635
18638
18641
18644
18647
18650
18653
18656
18659
18664
18667
18670
18774
18777
18980
18983
18986
18989
18992
18995
19068
19071
19076
19079
19082
19110
19113
19116
19119
19128
19296
19299
19302
19305
19308
19357
19363
19408
19527
19530
19571
19574
19577
19581
19584
19587
19590
19593
19596
19599
19602
19605
19608
19611
19614
19623
19632
19635
19648
19655
19658
19661
19664
19694
19697
19814
19817
19937
19940
19952
19955
19976
19979
19982
19985
19988
19991
19996
20042
20045
20064
20067
20077
20168
20197
20200
20214
20217
20255
20541
20544
20563
20566
20570
20601
20604
20659
20729
20745
20972
21170
21399
21402
21410
21420
21425
21428
21510
21513
21518
21547
21717
21740
21772
21775
21821
21838
21917
21920
21972
22151
22154
22494
22498
22531
22541
22544
22556
22559
22580
22583
22586
22628
22753
23086
23129
23135
23211
23224
23250
23255
23260
23263
23266
23275
23281
23293
23333
23337
23340
23343
23346
23349
23452
23455
23458
23461
23464
23467
23483
23486
23500
23503
23507
23519
23522
23525
23528
23531
23534
23537
23541
23544
23547
23556
23559
23562
23565
23573
23576
23579
23582
23587
23590
23593
23596
23599
23602
23608
23611
23614
23617
23620
23692
23696
23737
23740
23743
23746
23749
23752
23755
23761
23764
23767
23770
23773
