3301731
1
7
25
29
34
37
40
43
46
49
52
55
59
62
65
70
73
76
79
82
85
95
98
101
104
107
110
113
116
119
122
125
129
132
135
138
141
144
147
150
153
156
159
162
165
168
171
174
177
181
184
187
190
193
196
199
202
205
208
211
214
217
220
223
226
229
232
235
238
241
244
247
250
253
256
259
262
265
268
271
274
277
280
283
286
289
292
295
298
301
304
307
310
313
316
319
322
325
328
331
376
379
382
385
391
394
397
400
403
406
409
412
419
422
425
432
435
440
443
447
450
453
456
459
462
465
468
471
474
477
480
483
486
489
492
495
498
501
504
507
510
513
516
519
534
539
544
555
558
561
564
567
570
573
576
581
592
595
599
602
605
608
611
614
617
620
623
626
629
632
635
638
641
644
647
650
653
656
659
663
666
669
672
675
678
682
685
688
691
694
697
700
706
709
729
732
743
748
752
755
758
762
765
768
856
859
862
865
875
878
881
884
887
890
893
896
902
905
908
911
914
917
920
923
926
929
954
957
960
1285
1288
1291
1354
1357
1360
1363
1366
1369
1464
1467
1539
1542
1545
1768
1771
1774
1777
1780
1783
1786
1789
1793
1796
1804
1814
1817
1820
1823
1826
1829
1885
1888
1891
1946
1949
1952
2044
2047
2050
2058
2147
2150
2153
2156
2159
2177
2180
2456
2459
2464
2467
2470
2473
2476
2479
2482
2485
2488
2491
2494
2497
2504
2530
2533
2593
2596
2604
2607
2647
2650
2653
2684
2687
2690
2693
2696
2699
2702
2705
2708
2711
2714
2717
2721
2724
2727
2731
2734
2737
2780
2797
2803
2806
2837
2846
2856
2859
2864
2867
2879
2892
2898
2901
2904
2907
2982
2985
3002
3005
3021
3024
3044
3047
3050
3064
3068
3095
3098
3102
3105
3114
3117
3120
3123
3126
3129
3138
3148
3151
3165
3172
3176
3182
3197
3206
3246
3249
3264
3269
3272
3289
3292
3298
3301
3341
3344
3347
3354
3357
3360
3363
3368
3381
3385
3388
3448
3451
3454
3457
3461
3550
3553
3556
3559
3562
3565
3568
3571
3592
3595
3606
3609
3648
3695
3701
3709
3712
3718
3721
3724
3730
3733
3750
3753
3790
3793
3797
3800
3803
3806
3838
3841
3900
3903
3938
3945
3955
3958
3962
3965
3968
3990
3993
3996
3999
4002
4011
4055
4063
4074
4077
4104
4107
4110
4123
4126
4130
4149
4152
4175
4181
4184
4187
4190
4193
4196
4199
4212
4217
4223
4226
4231
4247
4250
4273
4276
4285
4322
4334
4342
4351
4354
4367
4370
4386
4409
4412
4416
4420
4423
4428
4440
4461
4464
4476
4481
4484
4487
4490
4512
4515
4536
4573
4576
4579
4678
4694
4726
4747
4833
4836
4839
4866
4881
4925
4928
4931
4934
4938
4941
4945
4948
5021
5032
5098
5114
5117
5259
5262
5267
5282
5285
5292
5323
5328
5370
5373
5407
5413
5698
5701
5749
5763
5792
5860
5978
5983
6014
6060
6067
6074
6216
6222
6265
6300
6317
6321
6351
6372
6411
6429
6433
6448
6469
6591
6594
6599
6608
6674
6679
6686
6689
6693
6696
6699
6703
6708
6713
6716
6719
6722
6733
6738
6741
6744
6765
6780
6783
6795
6812
6815
6818
7001
7004
7007
7010
7017
7020
7047
7071
7074
7077
7080
7083
7086
7089
7092
7095
7098
7101
7104
7112
7115
7118
7124
7127
7133
7136
7146
7149
7152
7155
7160
7163
7173
7176
7179
7196
7200
7210
7221
7224
7229
7234
7240
7254
7257
7260
7263
7307
7310
7313
7324
7327
7330
7333
7336
7339
7342
7345
7348
7351
7354
7357
7360
7363
7366
7369
7372
7377
7380
7388
7430
7433
7446
7487
7625
7628
7645
7648
7669
7672
7754
7761
7764
7836
8201
8337
8348
8351
8363
8469
8472
8546
8576
8590
8644
8647
8650
8661
8873
8876
8879
8882
8885
8929
8982
8985
8988
8991
8994
8997
9000
9003
9006
9022
9025
9028
9034
9055
9058
9061
9138
9203
9210
9213
9216
9219
9225
9228
9231
9235
9289
9292
9295
9298
9496
9499
9602
9605
9608
9629
9682
9685
9688
9691
9702
9705
9708
9711
9714
9717
9720
9723
9726
9729
9732
9736
9793
9796
9799
9805
9808
9811
9814
9823
9826
9829
9938
9941
9944
9950
9953
9968
9971
9974
9987
9990
9993
9996
10007
10010
10013
10016
10105
10108
10111
10114
10124
10128
10131
10141
10162
10165
10168
10218
10221
10228
10238
10241
10249
10252
10258
10312
10315
10354
10383
10386
10396
10399
10414
10424
10439
10442
10452
10455
10477
10515
10518
10523
10531
10578
10614
10618
10647
10651
10695
10756
10761
10784
10787
10883
10886
10889
10892
10895
10898
10901
10904
10907
10910
10913
10916
10919
10922
10925
10928
10931
10934
10937
10940
10943
10997
11000
11004
11090
11125
11129
11134
11141
11145
11233
11236
11247
11258
11262
11398
11419
11422
11441
11444
11447
11482
11613
11634
11637
11657
11661
11696
11699
12043
12063
12090
12093
12158
12177
12180
12215
12231
12253
12256
12300
12303
12306
12319
12418
12488
12532
12629
12644
12647
12651
12654
12657
12660
12666
12669
12672
12675
12678
12683
12686
12693
12696
12699
12702
12705
12708
12715
12721
12724
12727
12730
12733
12736
12739
12750
12753
12757
12760
12763
12766
12769
12772
12775
12800
12803
12815
12818
12836
12857
12864
12869
12872
12876
12879
12936
12939
12948
12951
12954
12957
12960
12963
12966
12969
12972
12975
12978
12981
13001
13004
13007
13010
13013
13016
13019
13022
13025
13028
13031
13034
13037
13040
13043
13046
13049
13052
13055
13058
13064
13067
13070
13074
13080
13083
13089
13132
13135
13138
13141
13153
13156
13163
13166
13169
13183
13186
13197
13200
13203
13208
13211
13214
13217
13220
13223
13234
13238
13241
13244
13247
13250
13279
13282
13317
13322
13337
13403
13437
13440
13480
13486
13491
13494
13549
13597
13648
13651
13775
13858
13861
13877
13891
13894
13984
14049
14063
14110
14113
14152
14222
14276
14284
14289
14415
14423
14518
14546
14549
14552
14566
14569
14574
14607
14610
14700
14703
14829
14832
15070
15102
15162
15191
15229
15312
15315
15318
15321
15335
15339
15342
15345
15349
15352
15359
15364
15371
15374
15377
15382
15391
15394
15409
15412
15416
15436
15441
15508
15511
15564
15696
15770
15797
15801
15804
15827
15934
16011
16014
16066
16080
16092
16095
16098
16101
16107
16114
16120
16123
16127
16130
16145
16148
16165
16246
16298
16305
16308
16311
16354
16367
16378
16381
16475
16494
16546
16628
16704
16744
16750
16757
16772
16775
16778
16781
16802
16812
16816
16946
16997
17199
17242
17245
17248
17251
17257
17267
17271
17278
17330
17346
17349
17355
17389
17407
17410
17472
17476
17481
17484
17488
17499
17502
17546
17549
17566
17589
17592
17620
17623
17626
17629
17632
17635
17701
17839
17842
17969
17972
17976
18082
18213
18216
18230
18233
18267
18283
18289
18295
18343
18346
18349
18387
18390
18393
18396
18471
18474
18692
18713
18716
18787
18790
18896
18899
18902
18905
18908
18914
18917
18920
18943
18946
18949
18984
18987
19061
19064
19067
19070
19125
19128
19196
19199
19202
19205
19208
19211
19214
19217
19220
19223
19226
19229
19232
19235
19238
19241
19244
19247
19250
19253
19256
19259
19263
19266
19269
19272
19284
19287
19290
19293
19296
19299
19302
19305
19308
19341
19344
19347
19350
19356
19359
19362
19377
19380
19383
19386
19389
19392
19395
19398
19401
19404
19407
19410
19413
19416
19419
19422
19425
19428
19431
19434
19437
19440
19443
19446
19449
19452
19455
19458
19462
19465
19485
19488
19491
19537
19540
19543
19546
19552
19555
19603
19606
19671
19677
19777
19909
20133
20136
20669
22275
22278
22281
22284
22287
22290
22463
23484
24429
24432
24435
24438
24856
24859
24862
25409
25412
25421
25538
25541
25544
25547
25550
25553
25687
25747
26195
26270
26518
26865
26868
26985
27034
27037
27040
27043
27046
27049
27052
27466
27469
27472
27475
27478
27481
27870
27873
27876
27879
28652
28687
28690
28693
28696
29774
29777
29780
29783
29874
29877
29880
29883
29886
30364
30822
30825
30828
30831
30834
30837
30922
30925
30928
30931
30942
30945
31541
31544
31547
31550
31553
31556
31837
31840
31843
31846
31849
31852
31862
31865
33083
33087
33090
33093
33123
33126
33129
33132
33135
33138
33141
33144
33147
33150
33196
33199
33202
33205
33208
33211
33214
33217
33221
33224
33227
33298
33350
34214
34217
34241
34244
34247
34294
34297
34300
34320
34323
34331
34334
34394
34427
34552
34555
34558
34625
34628
34883
34886
34903
34906
34952
34955
35062
35065
35124
35133
35249
35252
35261
35264
35267
35270
35279
35282
35285
35288
35291
35294
35297
35300
35303
35306
35309
35420
35423
35426
35429
35432
35435
35438
35441
35444
35447
35847
35850
35853
35856
35859
35881
35884
35892
35895
35909
35949
35952
35955
35958
35961
35964
35967
35973
35979
35982
35985
35988
35991
35994
35997
36000
36003
36006
36009
36012
36015
36018
36021
36024
36027
36037
36040
36043
36055
36058
36101
36104
36107
36115
36118
36121
36124
36127
36144
36147
36151
36157
36160
36287
36291
36355
36397
36407
36410
36414
36417
36420
36423
36426
36429
36432
36435
36438
36444
36469
36478
36481
36498
36501
36778
36781
36947
37076
37079
37082
37085
37088
37091
37094
37097
37100
37119
37144
37149
37231
37293
37328
37331
37334
37360
37606
37609
37612
37615
37618
37621
37854
37859
37875
37962
38099
38102
38115
38118
38121
38131
38134
38137
38140
38143
38146
38149
38152
38155
38159
38553
38556
38559
38565
38584
38595
38609
38684
38687
38690
38693
38696
38699
38702
38705
38906
38909
38912
38928
39081
39084
39104
39107
39110
39113
39118
39127
39165
39261
39284
39287
39316
39328
39423
39426
39429
39432
39435
39438
39441
39456
39518
39521
39618
39621
39624
39627
39701
39704
40191
40379
40382
40385
41039
41042
41045
41144
41211
41214
41217
41868
41871
41874
41877
41931
43261
43264
43267
43270
43273
43276
43476
43479
43482
43485
43488
43597
44128
44131
44134
44137
44297
44300
44303
44645
44648
44943
44946
44949
44955
44958
44989
44992
45184
45187
45324
45327
45330
45333
45336
45339
45342
45475
45478
45481
45484
45563
45812
45929
45933
45936
46241
46384
46387
46712
46887
46890
46893
46896
47298
47301
47304
47307
47310
47313
47316
47335
47338
47341
47364
47369
47372
47428
47431
47441
47444
47447
47450
47453
47456
47459
47462
47465
47468
47471
47474
47477
47480
47483
47486
47489
47492
47495
47640
48356
48359
48362
48365
48368
48371
48374
48377
48380
48383
48390
48436
48441
48642
48961
48964
48967
48970
48973
48976
48980
48983
48986
49132
49206
49209
49212
49296
49299
49302
49334
49337
49340
49343
49347
49350
49353
49356
49367
49375
49378
49381
49384
49390
49393
49396
49411
49414
49417
49420
49427
49430
49433
49436
49439
49463
49470
49512
49517
49535
49538
49554
49582
49585
49588
49592
49595
49604
49607
49669
49672
49680
49683
49686
49689
49692
49695
49698
49701
49704
49707
49710
49755
49758
49763
49768
49776
49779
49782
49785
49788
49791
49794
49797
49841
49844
49847
49850
49867
49876
49879
49882
49886
49889
50130
50181
50184
50187
50395
50398
50401
50404
50407
50410
50413
50416
50419
