330121
1
10
13
16
19
31
34
37
40
43
46
49
107
122
125
128
131
134
137
140
143
146
149
152
155
158
161
164
167
171
174
177
181
191
214
217
227
230
236
239
242
250
253
257
260
266
269
276
279
302
319
322
343
391
394
404
434
437
449
452
455
458
461
464
467
472
494
498
502
525
528
539
542
554
557
562
565
568
593
596
599
610
613
623
626
630
633
636
639
662
665
668
671
887
1267
1505
1508
1556
1559
1562
1565
1568
1572
1583
1586
1589
1593
1596
1599
1602
1605
1608
1616
1619
1622
1627
1630
1633
1641
1644
1647
1650
1663
1666
1669
1672
1675
1678
1681
1684
1687
1690
1693
1696
1699
1702
1705
1714
1717
1720
1723
1726
1729
1732
1735
1749
1752
1756
1759
1762
1765
1768
1778
1781
1784
1787
1798
1801
1805
1808
1863
1866
1869
1872
1875
1878
1921
1924
1927
1930
1934
1950
1953
1978
1981
2003
2021
2038
2041
2044
2052
2083
2091
2141
2144
2147
2211
2214
2219
2222
2280
2283
2286
2289
2328
2331
2334
2337
2340
2343
2346
2349
2352
2356
2374
2377
2380
2383
2386
5329
5332
5335
5338
5341
5346
5349
5358
5361
5364
5367
5370
5375
5378
5381
5386
5389
5392
5395
5401
5412
5489
5492
5501
5504
5507
5566
5569
5592
5595
5598
5601
5609
5612
5615
5638
5641
5652
5655
5665
5668
5671
5674
5681
5694
5697
5733
5736
5739
5742
5764
5767
5786
5789
5792
5815
5818
5838
5841
5875
5900
5909
5935
5938
5944
5947
5958
5961
5976
5979
6005
6008
6011
6052
6055
6064
6067
6074
6111
6118
6121
6148
6164
6167
6193
6196
6206
6209
6212
6215
6221
6275
6278
6287
6290
6476
6479
6482
6489
6513
6530
6534
6537
6544
6581
6590
6599
6683
6693
6696
6704
6707
6715
6791
6794
6797
6884
6887
6890
6901
6904
6914
6917
6953
6956
6975
6978
6981
6984
6997
7004
7009
7016
7027
7030
7033
7036
7056
7059
7079
7088
7094
7119
7122
7141
7144
7165
7182
7202
7216
7219
7229
7232
7261
7264
7299
7500
7503
7507
7510
7520
7523
7529
7532
7562
7567
7576
7594
7597
7600
7603
7606
7609
7762
7765
7768
7771
7775
7778
7786
7789
7801
7804
7812
7822
7825
7881
7890
7893
7911
7914
7923
7932
7936
7958
7968
7971
7974
7977
8180
8183
8186
8189
8192
8195
8238
8241
8244
8286
8289
8292
8314
8317
8340
8343
8353
8356
8359
8362
8390
8393
8396
8399
8413
8416
8419
8422
8425
8436
8439
8442
8445
8448
8456
8459
8462
8465
8468
8471
8474
8477
8480
8483
8524
8553
8559
8562
8644
8647
8650
8814
8817
8820
8826
8829
8832
8836
8847
8850
8861
8878
8882
8885
8894
8897
8900
8949
8952
8976
9015
9041
9105
9200
9203
9222
9262
9265
9268
9278
9281
9308
9371
9374
9405
9429
9432
9435
9442
9450
9453
9460
9478
9481
9507
9510
9513
9533
9536
9539
9596
9630
9672
9675
9683
9703
9706
9709
9712
9733
9736
9739
9748
9751
9760
9763
9766
9769
9772
9775
9778
9781
9784
9787
9790
9793
9820
9823
9826
9829
9832
9835
9842
9845
9858
9863
9867
9887
9897
9926
9929
9932
9953
9956
9959
9979
9991
9994
9997
10020
10031
10041
10047
10050
10053
10058
10061
10078
10081
10084
10087
10124
10148
10151
10154
10157
10171
10185
10188
10201
10208
10216
10223
10227
10230
10233
10236
10239
10242
10246
10249
10267
10276
10280
10287
10290
10293
10306
10317
10320
10327
10330
10333
10342
10352
10355
10382
10385
10413
10416
10419
10425
10428
10432
10435
10443
10446
10475
10478
10495
10498
10501
10504
10537
10554
10557
10572
10575
10581
10584
10590
10593
10641
10648
10655
10662
10669
10674
10693
10705
10708
10764
10767
10770
10777
10807
10820
10828
10833
10836
10851
10854
10860
10923
10926
10936
10950
10960
10964
10972
10975
10978
10984
10987
10990
10996
10999
11002
11005
11012
11016
11019
11022
11025
11028
11031
11043
11054
11058
11065
11068
11071
11078
11090
11114
11117
11120
11123
11126
11129
11140
11154
11157
11205
11213
11222
11228
11234
11285
11290
11293
11312
11320
11323
11326
11329
11337
11340
11343
11351
11356
11359
11369
11383
11390
11416
11431
11456
11464
11500
11503
11506
11543
11546
11573
11579
11582
11594
11597
11626
11644
11647
11654
11662
11697
11700
11703
11738
11743
11770
11773
11776
11779
11782
11824
11832
11839
11856
11871
11874
11881
11885
11888
11896
11908
11912
11915
11918
11921
11928
11931
11942
11949
11952
11955
11958
11961
11978
11981
11984
11987
11999
12002
12005
12008
12011
12014
12027
12030
12033
12047
12050
12053
12056
12060
12075
12078
12081
12084
12087
12100
12103
12126
12130
12133
12152
12157
12168
12197
12200
12207
12238
12241
12246
12252
12291
12307
12310
12315
12341
12375
12403
12406
12417
12437
12445
12448
12451
12459
12462
12495
12499
12502
12509
12513
12525
12542
12567
12570
12587
12590
12648
12651
12654
12657
12664
12667
12676
12695
12698
12701
12704
12707
12710
12713
12716
12719
12722
12725
12728
12751
12754
12757
12761
12764
12769
12824
12827
12830
12833
12847
12850
12857
12862
12893
12904
12907
12910
12913
12916
12935
12944
12947
12975
12978
12991
12994
12998
13001
13021
13024
13044
13047
13062
13065
13068
13078
13082
13085
13095
13098
13101
13105
13112
13115
13118
13127
13130
13137
13154
13157
13163
13181
13192
13195
13200
13206
13209
13212
13215
13229
13234
13237
13255
13258
13261
13264
13276
13283
13302
13305
13313
13316
13320
13329
13332
13335
13342
13354
13358
13361
13367
13384
13388
13392
13395
13415
13422
13426
13429
13432
13435
13438
13441
13454
13460
13482
13485
13488
13494
13519
13523
13526
13534
13537
13547
13550
13556
13567
13570
13573
13591
13594
13597
13611
13614
13617
13620
13624
13627
13633
13636
13639
13642
13658
13661
13664
13667
13672
13698
13703
13706
13709
13712
13715
13720
13727
13730
13734
13737
13740
13743
13749
13766
13770
13774
13777
13792
13796
13799
13802
13808
13811
13814
13817
13840
13843
13852
13855
13858
13862
13865
13868
13871
13875
13887
13893
13899
13907
13911
13921
13940
13943
13949
13952
13959
13962
13982
13985
13988
13991
13994
13997
14006
14009
14022
14025
14033
14036
14039
14042
14054
14057
14066
14069
14073
14083
14086
14089
14092
14096
14099
14104
14107
14122
14145
14154
14157
14166
14171
14177
14180
14185
14188
14193
14196
14213
14216
14219
14248
14263
14268
14271
14274
14282
14285
14289
14292
14295
14298
14301
14308
14311
14314
14325
14331
14334
14341
14344
14349
14352
14375
14379
14382
14395
14398
14418
14422
14426
14435
14444
14447
14451
14454
14457
14460
14463
14466
14469
14472
14475
14478
14481
14490
14494
14497
14501
14504
14521
14524
14535
14538
14541
14546
14549
14553
14556
14559
14562
14567
14570
14574
14577
14583
14586
14589
14599
14604
14607
14620
14625
14633
14636
14639
14642
14649
14652
14655
14659
14688
14699
14705
14708
14711
14745
14748
14753
14756
14759
14762
14775
14778
14787
14790
14798
14801
14810
14821
14826
14836
14839
14842
14845
14856
14859
14874
14891
14894
14899
14902
14905
14916
14920
14923
14926
14929
14934
14937
14940
14943
14962
14966
14974
14977
14983
14986
14989
15018
15021
15024
15036
15039
15042
15045
15048
15052
15055
15058
15061
15075
15078
15081
15084
15087
15090
15093
15096
15106
15116
15124
15136
15139
15147
15157
15160
15163
15166
15169
15177
15180
15184
15191
15194
15200
15203
15206
15213
15216
15219
15222
15227
15230
15233
15237
15240
15243
15246
15252
15255
15274
15277
15281
15284
15288
15291
15300
15303
15306
15314
15317
15330
15335
15346
15350
15353
15360
15369
15372
15375
15383
15386
15392
15395
15404
15407
15416
15419
15422
15444
15447
15453
15456
15485
15488
15498
15501
15504
15517
15520
15527
15530
15536
15539
15542
15545
15557
15560
15587
15591
15594
15619
15640
15646
15649
15652
15655
15669
15672
15675
15678
15688
15691
15695
15698
15701
15727
15730
15733
15748
15751
15767
15777
15800
15812
15815
15829
15832
15835
15838
15841
15864
15867
15888
15891
15894
15908
15911
15915
15918
15936
15939
15942
15951
15970
15975
15978
15986
16012
16015
16018
16021
16024
16028
16032
16035
16038
16042
16045
16048
16052
16056
16060
16066
16069
16072
16077
16090
16101
16104
16146
16149
16160
16182
16185
16193
16196
16202
16225
16228
16245
16248
16258
16261
16264
16267
16270
16273
16279
16282
16285
16313
16353
16373
16376
16379
16382
16389
16392
16410
16413
16416
16419
16445
16448
16459
16462
16465
16468
16471
16474
16478
16485
16494
16497
16500
16510
16513
16516
16519
16522
16528
16531
16534
16537
16540
16543
16547
16550
16569
16572
16575
16578
16581
16584
16587
16590
16601
16604
16607
16612
16615
16622
16625
16634
16637
16677
16680
16683
16686
16689
16692
16695
16700
16703
16706
16709
16712
16715
16718
16721
16724
16727
16730
16733
16736
16739
16742
16745
16748
16751
16754
16757
16760
16763
16766
16769
16772
16775
16778
16781
16784
16787
16790
16806
16815
16821
16824
16828
16831
16834
16837
16841
16847
16850
16853
16856
16859
16862
16865
16868
16872
16875
16879
16882
16885
16888
16891
16894
16897
16900
16903
16906
16909
16912
16916
16919
16922
16960
16963
16966
16969
16972
16975
16978
16981
16984
16987
16990
16993
16996
16999
17002
17005
17008
17011
17014
17017
17020
17023
17026
17029
17032
17035
17038
17041
17044
17047
17050
17053
17056
17059
17062
17065
17068
17071
17074
17077
17080
17098
17209
17212
17215
17223
17226
17229
17233
17236
17240
17243
17246
17249
17252
17255
17258
17261
17264
17267
17270
17273
17276
17279
17282
17285
17288
17291
17294
17297
17300
17303
17306
17309
17350
17353
17356
17359
17362
17365
17368
17371
17385
17388
17391
17394
17397
17400
17403
17406
17409
17412
17415
17418
17421
17424
17427
17430
17433
17436
17439
17442
17445
17471
17474
17477
17480
17483
17486
17489
17492
17495
17498
17501
17504
17511
17524
17527
17530
17533
17546
17552
17555
17558
17575
17579
17589
17595
17598
17605
17608
17632
17635
17638
17641
17644
17647
17653
17657
17660
17678
17683
17691
17695
17698
17708
17712
17715
17718
17761
17764
17771
17774
17799
17823
17826
17829
17832
17835
17838
17841
17849
17863
17866
17883
17893
17902
17905
17954
17957
17960
18047
18050
18076
18103
18106
18148
18151
18161
18164
18177
18180
18206
18209
18212
18215
18298
18301
18304
18307
18311
18314
18317
18320
18323
18326
18329
18349
18352
18355
18358
18361
18364
18367
18374
18377
18380
18383
18398
18413
18424
18427
18430
18453
18456
18471
18474
18489
18519
18522
18525
18528
18531
18534
18560
18563
18587
18592
18595
18613
18616
18622
18630
18633
18644
18647
18650
18688
18691
18703
18713
18716
18724
18727
18764
18771
18774
18777
18780
18842
19044
19071
19074
19241
19244
19247
19266
19269
19277
19377
19380
19383
19386
19389
19392
19395
19398
19401
19435
19439
19449
19452
19485
19496
19499
19527
19538
19541
19547
19550
19553
19556
19559
19562
19565
19568
19642
19645
19648
19651
19654
19657
19665
19668
19671
19674
19677
19680
19689
19692
19705
19710
19713
19783
19786
19789
19792
19795
19798
19801
19804
19807
19810
19813
19816
19819
19822
19825
