331731
1
9
12
279
282
285
1572
1764
1767
1770
1773
1776
1779
1782
1785
1788
1791
1794
1797
1800
1803
1806
1809
1812
1815
1818
1821
1824
1827
1830
1833
1836
1839
1842
1845
1848
1851
1854
1857
1860
1863
1866
1869
1872
1875
1878
1881
1884
1887
1890
1893
1896
1899
1902
1905
1908
1911
1914
1917
1920
1923
1926
1929
1932
1935
1938
1941
1944
1947
1950
1953
1956
1959
1962
1965
1968
1974
1977
1980
1984
1987
1993
2004
2010
2014
2055
2058
2065
2069
2072
2077
2085
2088
2101
2104
2107
2114
2117
2122
2125
2128
2131
2134
2168
2171
2202
2214
2217
2234
2253
2323
2353
2362
2397
2400
2432
2435
2442
2457
2466
2478
2501
2504
2515
2520
2523
2535
2561
2576
2579
2582
2587
2607
2610
2698
2705
2711
2714
2730
2733
2756
2761
2815
2822
2825
2845
2853
2875
2878
2881
2899
2918
2927
2930
2933
2939
2968
2975
2981
2984
2999
3002
3019
3022
3036
3039
3066
3092
3180
3183
3195
3198
3245
3248
3251
3298
3301
3310
3313
3341
3347
3350
3353
3365
3368
3400
3403
3406
3409
3412
3415
3420
3433
3485
3488
3491
3524
3527
3535
3538
3543
3546
3580
3600
3608
3614
3617
3620
3623
3632
3636
3639
3716
3724
3727
3730
4103
4189
4192
4195
4198
4201
4210
4225
4228
4244
4250
4253
4256
4265
4268
4284
4294
4297
4310
4313
4316
4321
4333
4336
4339
4342
4367
4370
4373
4376
4380
4385
4403
4406
4409
4412
4415
4440
4443
4446
4501
4504
4672
4686
4689
4693
4747
4750
4753
4757
4760
4776
4779
4782
4785
4788
4979
4982
4985
4988
4991
4994
4999
5013
5016
5019
5032
5035
5038
5041
5049
5052
5055
5072
5075
5084
5087
5095
5121
5132
5136
5139
5142
5145
5148
5154
5157
5174
5177
5182
5362
5370
5373
5403
5406
5450
5460
5463
5476
5479
5506
5509
5592
5595
5619
5622
5668
5671
5674
5677
5680
5686
5689
5696
5700
5704
5707
5715
5720
5723
5726
5769
5774
5777
5793
5796
5799
5823
5826
5829
5833
5836
5839
5842
5845
5848
5851
5854
5857
5860
5863
5869
5872
5875
5878
5881
5884
5887
5890
5893
5928
5932
5949
5963
5997
6027
6062
6081
6094
6132
6142
6145
6182
6214
6217
6237
6265
6268
6271
6289
6292
6295
6298
6392
6395
6409
6412
6441
6446
6456
6459
6485
6488
6491
6500
6503
6512
6515
6572
6595
6603
6642
6652
6655
6658
6661
6664
6669
6672
6822
6825
6828
6831
6840
6845
6848
6854
6908
6915
6923
6926
6935
6949
6953
6966
6969
6973
6976
6983
6990
6993
7013
7021
7029
7032
7045
7051
7054
7077
7090
7093
7096
7099
7129
7132
7151
7154
7170
7173
7189
7211
7225
7258
7261
7274
7277
7280
7284
7301
7373
7376
7582
7585
7602
7605
7661
7680
7683
7698
7701
7704
7707
7713
7721
7724
7727
7730
7744
7748
7751
7754
7757
7772
7786
7789
7805
7808
7857
7880
7883
7898
7901
7946
7956
7977
7982
7985
7989
7992
7995
7998
8008
8011
8037
8040
8076
8155
8158
8161
8202
8205
8231
8234
8461
8464
8477
8480
8483
8488
8491
8517
8557
8571
8574
8591
8605
8629
8650
8667
8670
8673
8676
8713
8716
8726
8729
8732
8735
8769
8772
8889
8892
8900
8926
8930
8933
9049
9052
9055
9058
9061
9064
9067
9070
9088
9091
9094
9109
9128
9131
9199
9202
9205
9208
9211
9214
9218
9221
9224
9227
9236
9239
9242
9257
9262
9265
9274
9277
9280
9283
9298
9301
9305
9308
9311
9323
9327
9333
9340
9343
9346
9362
9372
9378
9382
9385
9388
9391
9394
9399
9406
9435
9452
9455
9460
9482
9527
9538
9541
9549
9552
9593
9602
9625
9628
9655
9719
9775
9778
9844
9847
9850
9911
9988
9991
9994
9997
10003
10024
10045
10067
10095
10121
10145
10164
10192
10195
10198
10210
10240
10243
10261
10342
10345
10349
10359
10362
10365
10398
10401
10413
10417
10459
10462
10466
10469
10486
10586
10589
10592
10595
10598
10601
10604
10611
10614
10618
10622
10625
10628
10631
10648
10651
10690
10698
10701
10709
10712
10718
10721
10726
10730
10734
10738
10750
10753
10758
10761
10767
10770
10777
10781
10784
10792
10805
10808
10811
10839
10852
10855
10861
10864
10868
10871
10883
10894
10903
10906
10909
10917
10944
10947
10950
11011
11014
11057
11075
11078
11081
11087
11090
11101
11117
11120
11129
11132
11140
11143
11147
11150
11154
11157
11160
11163
11166
11169
11172
11175
11178
11181
11184
11187
11190
11193
11200
11230
11233
11241
11244
11247
11265
11293
11297
11302
11305
11318
11322
11346
11349
11353
11377
11392
11395
11398
11417
11420
11437
11440
11453
11456
11459
11462
11465
11480
11483
11535
11538
11640
11643
11646
11703
11706
11711
11714
11720
11829
11862
11866
11874
12074
12077
12080
12091
12094
12097
12100
12103
12106
12116
12119
12129
12134
12145
12148
12151
12154
12183
12186
12228
12231
12237
12250
12276
12283
12286
12290
12293
12301
12304
12334
12337
12351
12358
12371
12422
12425
12440
12447
12450
12484
12487
12493
12520
12523
12526
12529
12532
12538
12541
12544
12552
12555
12571
12580
12583
12586
12589
12592
12640
12643
12646
12649
12652
12655
12658
12661
12664
12667
12670
12673
12692
12695
12699
12703
12714
12717
12722
12725
12728
12731
12743
12746
12757
12760
12776
12779
12783
12793
12818
12821
12824
12827
12850
12853
12864
12878
12881
12888
12903
12910
12913
12916
12941
12944
12968
12971
12984
12987
12990
12997
13002
13032
13044
13047
13056
13092
13098
13101
13104
13107
13110
13113
13116
13147
13150
13153
13156
13159
13163
13166
13169
13172
13175
13178
13181
13194
13219
13222
13243
13267
13321
13388
13391
13420
13423
13426
13465
13503
13524
13529
13780
13786
13824
13827
13930
13933
13946
13949
13952
13955
13958
13961
13964
13967
13970
13973
13976
13979
13982
13985
13988
13991
13994
13998
14001
14004
14007
14010
14013
14016
14019
14022
14033
14036
14039
14042
14045
14048
14051
14054
14057
14060
14063
14066
14069
14072
14076
14079
14082
14085
14088
14091
14094
14097
14100
14103
14108
14111
14114
14117
14120
14123
14126
14129
14132
14135
14138
14141
14144
14147
14150
14153
14156
14160
14163
14166
14169
14172
14175
14178
14181
14184
14187
14190
14193
14196
14199
14202
14205
14208
14211
14214
14221
14224
14227
14230
14236
14239
14242
14256
14259
14262
14265
14273
14323
14326
14330
14333
14407
14410
14421
14424
14460
14463
14479
14485
14501
14504
14507
14539
14547
14550
14562
14583
14586
14604
14608
14612
14616
14629
14632
14635
14642
14645
14648
14656
14668
14706
14709
14712
14715
14719
14725
14732
14737
14740
14743
14746
14758
14761
14764
14767
14823
14826
14844
14849
14860
14863
14866
14871
14874
14877
14881
14886
14889
14917
14957
14978
14981
14984
14995
14998
15001
15012
15018
15043
15088
15109
15112
15132
15135
15209
15213
15225
15251
15254
15257
15298
15301
15319
15334
15343
15394
15400
15415
15418
15446
15492
15536
15539
15556
15559
15578
15587
15597
15600
15603
15606
15615
15624
15676
15679
15734
15747
15815
15818
15821
15862
15865
15868
15871
15876
15885
15895
15903
15906
15909
15964
16004
16019
16027
16032
16122
16129
16132
16135
16138
16145
16148
16155
16158
16175
16183
16186
16214
16237
16240
16243
16272
16275
16287
16290
16300
16303
16309
16312
16315
16318
16321
16333
16353
16356
16364
16381
16384
16393
16401
16405
16423
16435
16466
16469
16472
16480
16483
16503
16507
16510
16526
16529
16545
16548
16551
16554
16557
16560
16564
16567
16570
16573
16578
16600
16603
16606
16609
16612
16616
16622
16627
16663
16666
16669
16672
16688
16691
16694
16697
16700
16703
16706
16709
16712
16761
16764
16767
16770
16819
16822
16825
16828
16839
16842
16845
16848
16851
16854
16857
16860
16863
16868
16871
16874
17265
17395
17409
17412
17415
17418
17421
17424
17484
17487
17521
17524
17560
17563
17566
17569
17572
17575
17578
17581
17589
17606
17609
17612
17626
17629
17634
17668
17686
17689
17692
17695
17698
17701
17704
17710
17713
17730
17735
17754
17775
17790
17802
17814
17818
17835
17854
17857
17866
17881
17884
17887
17919
17922
17925
17928
17935
18022
18049
18052
18239
18242
18267
18272
18316
18325
18334
18409
18412
18419
18436
18474
18479
18482
18583
18666
18676
18715
18718
18835
18838
18841
18844
18848
18851
18854
18863
18866
18869
18872
18875
18878
18881
18884
18896
18921
18924
18928
18932
18968
18991
18994
19003
19018
19048
19051
19098
19116
19140
19143
19146
19149
19166
19170
19181
19184
19188
19191
19194
19197
19200
19203
19206
19209
19212
19215
19218
19221
19224
19227
19231
19234
19237
19240
19243
19246
19249
19252
19255
19258
19261
19336
19339
19342
19345
19348
19353
19356
19359
19362
19365
19368
19371
19374
19377
19380
19383
19386
19389
19411
19414
19417
19420
19425
19428
19431
19434
19438
19441
19446
19449
19452
19455
19458
19461
19464
19467
19470
19473
19480
19483
19486
19489
19492
19495
19498
19501
19504
19507
19510
19513
19516
19520
19535
19538
19541
20435
20438
20441
20444
20447
20450
20453
20456
20463
20466
20469
20472
20475
20478
20481
20484
20487
20491
20494
20497
20500
20503
20506
20509
20512
20515
20518
20521
20531
20534
20537
20540
20543
20546
20550
20553
20556
20559
20563
20566
20584
20587
20590
20593
20596
20599
20612
20620
20623
20626
20630
20636
20639
20642
20679
20701
20704
20720
20748
20751
20754
20757
20760
20777
20780
20795
20798
20803
20874
20881
20884
20887
20890
20893
20896
20899
20904
20915
20933
20936
20957
20960
20964
21013
21016
21019
21030
21033
21056
21059
21071
21074
21088
21091
21118
21161
21201
21214
21217
21220
21267
21291
21298
21301
21319
21322
21352
21377
21404
21441
21450
21458
21461
21464
21467
21470
21473
21476
21479
21482
21485
21488
21491
21494
21497
21500
21503
21545
21548
21600
21609
21612
21620
21641
21644
21697
21770
21773
21782
21785
21788
21791
21794
21801
21808
21812
21815
21818
21826
21830
21837
21843
21846
21849
21864
21899
21902
21905
21908
21911
21915
21922
21925
21928
21931
21934
21937
21943
21946
21968
21971
21974
21977
21980
21983
21990
21993
21996
22036
22039
22042
22066
22086
22089
22159
22162
22173
22177
22200
22209
22212
22276
22296
22312
22326
22329
22352
22355
22358
22380
22387
22391
22418
22426
22430
22448
22451
22459
22466
22478
22486
22489
22493
22496
22513
22516
22519
22532
22538
22541
22557
22560
22563
22578
22601
22604
22611
22616
22619
22645
22649
22653
22677
22680
22683
22728
22745
22749
22766
22769
22772
22775
22796
22799
22802
22881
22884
22900
22903
22906
22909
22912
22925
23001
23064
23067
23070
23073
23076
23079
23082
23085
23088
23091
23109
23112
23115
23118
23166
23200
23203
23221
23224
23244
23247
23265
23273
23279
23282
23285
23288
23302
23320
23323
23326
23329
23339
23342
23358
23373
23376
23379
23382
23385
23388
23427
23430
23433
23461
23480
23487
23490
23493
23496
23499
23502
23507
23510
23528
23531
23534
23537
23540
23543
23546
23549
23577
23580
23583
23586
23589
23657
23675
23692
23695
23701
23709
23767
23829
23868
23944
23949
23994
23997
24038
24205
24245
24248
24251
24276
24279
24282
24285
24288
24291
24295
24305
24308
24311
24318
24321
24324
24327
24333
24339
24342
24349
24352
24357
24382
24385
24395
24398
24401
24408
24411
24423
24426
24429
24460
24476
24479
24502
24505
24519
24522
24527
24539
24542
24555
24558
24593
24596
24604
24607
24612
24621
24638
24641
24649
24652
24667
24671
24674
24678
24691
24694
24698
24701
24709
24713
24717
24720
24728
24731
24749
24752
24758
24768
24775
24778
24781
24785
24796
24805
24808
24811
24814
24817
24820
24823
24827
24830
24878
24881
24884
24896
24899
24902
24905
24910
24927
24930
24934
24937
24945
24952
24955
24961
24964
24971
24974
24978
24986
24992
25005
25011
25014
25129
25132
25158
25164
25167
25194
25197
25200
25203
25207
25210
25308
25317
25320
25323
25326
25329
25332
25350
25357
25361
25364
25367
25373
25376
25380
25384
25405
25408
25430
25433
25454
25458
25465
25483
25503
25506
25509
25512
25515
25518
25521
25524
25527
25530
25533
25536
25539
25542
25545
25548
25562
25577
25580
25583
25586
25625
25629
25632
25647
25650
25653
25656
25659
25675
25678
25798
25801
25866
25881
25884
25887
25890
25900
25918
25962
25965
25993
25996
25999
26002
26005
26008
26012
26015
26018
26021
26028
26031
26034
26037
26040
26043
26046
26051
26062
26065
26068
26073
26079
26084
26103
26106
26109
26119
26123
26133
26136
26153
26156
26165
26169
26172
26175
26217
26220
26224
26252
26257
26265
26273
26307
26325
26328
26341
26362
26365
26383
26390
26394
26397
26413
26416
26419
26429
26432
26470
26477
26503
26506
26510
26513
26518
26521
26529
26532
26535
26538
26541
26556
26559
26563
26584
26587
26601
26688
26691
26697
26700
26706
26709
26734
26737
26740
26853
26909
26912
26915
26953
26956
26980
26983
26986
26989
27004
27007
27014
27017
27034
27037
27050
27053
27056
27079
27082
27085
27098
27101
27119
27123
27132
27140
27164
27220
27224
27227
27242
27245
27248
27251
27265
27272
27308
27314
27346
27356
27365
27399
27402
27416
27495
27498
27527
27530
27579
27616
27619
27625
27665
27668
27714
27717
27723
27747
27750
27759
27762
27769
27785
27790
27793
27799
27803
27806
27814
27817
27821
27824
27827
27830
27833
27845
27848
27851
27854
27857
27860
27863
27866
27869
27879
27889
27951
27959
27994
28041
28044
28047
28050
28053
28091
28137
28146
28149
28152
28155
28158
28161
28169
28217
28220
28226
28265
28268
28301
28304
28323
28326
28333
28354
28357
28360
28393
28452
28457
28460
28463
28466
28469
28472
28475
28501
28504
28507
28510
28513
28516
28519
28522
28525
28528
28531
28534
28537
28540
28543
28546
28549
28552
28555
28558
28561
28564
28567
28570
28580
28583
28586
28604
28607
28610
28656
28659
28662
28696
28700
28703
28706
28724
28727
28766
28841
28844
28897
28900
28947
28973
28994
28997
29009
29057
29060
29121
29124
29153
29174
29177
29193
29286
29289
29292
29327
29340
29452
29485
29488
29633
29636
29647
29650
29659
29683
29686
29696
29699
29717
29720
29723
29726
29729
29732
29735
29760
29832
29835
29840
29869
29872
29892
29895
29899
29902
29928
29931
29961
29964
30028
30051
30054
30065
30068
30087
30104
30107
30110
30114
30125
30128
30198
30202
30212
30231
30234
30246
30262
30271
30277
30285
30288
30291
30294
30338
30356
30359
30366
30372
30386
30389
30396
30405
30408
30411
30414
30417
30420
30441
30457
30460
30463
30470
30474
30477
30480
30483
30486
30489
30515
30518
30521
30527
30530
30534
30540
30545
30559
30565
30576
30579
30582
30588
30591
30594
30602
30605
30608
30611
30614
30617
30649
30652
30668
30671
30689
30700
30706
30709
30712
30725
30728
30731
30752
30763
30766
30769
30784
30787
30794
30809
30830
30849
30859
30862
30902
30905
30911
30914
30924
30929
30935
30938
30956
30959
30985
30988
30999
31002
31007
31026
31029
31036
31039
31043
31059
31062
31066
31081
31084
31094
31097
31101
31104
31107
31119
31125
31128
31137
31140
31148
31154
31162
31167
31174
31177
31180
31189
31202
31210
31220
31223
31274
31277
31294
31320
31362
31365
31389
31396
31399
31402
31406
31409
31415
31418
31441
31444
31475
31481
31484
31516
31519
31540
31543
31564
31567
31579
31681
31684
31687
31705
31708
31724
31746
31749
31757
31760
31763
31766
31769
31772
31777
31799
31802
31829
31832
31843
31846
31852
31855
31882
31885
31889
31895
31898
31910
31913
31916
31925
31929
31939
31943
31946
31966
31969
31974
31977
31980
31983
32007
32019
32029
32040
32043
32055
32058
32066
32069
32092
32102
32105
32117
32120
32131
32134
32143
32146
32153
32161
32164
32173
32190
32193
32198
32206
32209
32212
32217
32234
32306
32309
32314
32317
32339
32342
32359
32362
32365
32388
32397
32400
32403
32413
32431
32448
32479
32482
32498
32501
32519
32522
32527
32530
32533
32536
32550
32553
32556
32559
32564
32567
32570
32573
32576
32579
32582
32595
32598
32610
32684
32730
32733
32752
32755
32770
32781
32786
32791
32794
32797
32800
32804
32815
32824
32828
32837
32840
32843
32846
32892
32910
32913
32925
32928
32932
32935
33008
33012
33023
33031
33034
33037
33040
33047
33050
33053
33064
33067
33070
33105
33108
33113
33120
33123
33134
33137
33144
33147
33150
33153
33156
33159
33162
33165
33168
33171
33176
33182
33190
33206
33212
33226
33229
33240
33243
33246
33266
33269
33277
33286
33294
33297
33300
33334
33401
33419
33463
33469
33474
33486
33493
33518
33529
33559
33562
33568
33571
33574
33580
33583
33589
33597
33602
33611
33614
33618
33621
33627
33631
33637
33641
33644
33649
33652
33662
33665
33668
33671
33674
33677
33680
33686
33689
33692
33697
33704
33707
33710
33713
33722
33727
33733
33736
33739
33745
33748
33752
33755
33793
33796
33801
33804
33807
33810
33813
33816
33820
33824
33830
33833
33843
33846
34111
34114
34117
34141
34144
34172
34209
34212
34216
34219
34222
34225
34228
34231
34236
34239
34242
34245
34255
34258
34261
34264
34272
34275
34278
34283
34286
34291
34294
34297
34300
34306
34309
34312
34316
34319
34322
34325
34328
34331
34334
34337
34340
34343
34346
34352
34355
34387
34390
34393
34413
34429
34432
34438
34441
34444
34448
34451
34454
34458
34461
34473
34477
34480
34486
34493
34501
34509
34512
34531
34535
34538
34541
34546
34553
34557
34560
34566
34569
34572
34575
34578
34583
34586
34591
34594
34597
34600
34605
34608
34611
34614
34634
34637
34648
34657
34660
34665
34668
34671
34674
34679
34683
34686
34690
34697
34700
34734
34739
34744
34750
34753
34756
34759
34764
34767
35095
35098
35101
35104
35107
35110
35113
35116
35119
35122
35125
35128
35131
35134
35137
35140
35143
35151
35154
35157
35160
35622
35625
35628
35641
35644
35647
35650
35653
35656
35659
35662
35665
35670
35693
35696
35831
35834
35841
35885
35888
35891
35916
35919
35941
35981
36008
36011
36015
36019
36022
36025
36029
36032
36039
36042
36045
36048
36051
36054
36057
36060
36064
36067
36070
36184
36187
36390
36393
36396
36399
36604
36607
36610
36613
36616
36779
36782
36785
36788
36791
36794
36797
36852
36855
36858
36861
36864
36867
36871
36874
36877
36880
36883
36886
36889
36892
36895
36946
36950
36953
36957
36960
36966
36970
36973
36976
36979
36982
36997
37004
37008
37021
37025
37039
37050
37053
37056
37059
37072
37075
37078
37081
37084
37087
37090
37093
37096
37099
37102
37105
37108
37111
37114
37117
37120
37123
37126
37129
37132
37135
37138
37141
37144
37147
37151
37154
37233
37248
37301
37309
37314
37338
37341
37381
37553
37556
37631
37634
37637
37658
37661
37664
37667
37671
37674
37677
37680
37683
37686
37692
37703
37706
37729
37743
37746
37749
37754
37757
37764
37774
37795
37804
37815
37829
37832
37850
37878
37881
37884
37915
37931
37934
37937
37940
37943
37946
37976
37980
37983
37986
37993
37996
38023
38051
38073
38083
38105
38127
38136
38139
38146
38153
38166
38169
38172
38175
38178
38232
38235
38266
38269
38272
38275
38278
38281
38293
38302
38312
38321
38324
38332
38338
38354
38361
38387
38428
38431
38450
38472
38481
38487
38490
38498
38505
38518
38521
38524
38660
38663
38687
38726
38808
38819
38822
38825
38828
38831
38834
38839
38842
38845
38848
38851
38958
39005
39100
39103
39147
39150
39153
39156
39159
39166
39169
39172
39175
39178
39186
39189
39192
39195
39198
39201
39204
39207
39210
39213
39216
39219
39222
39225
39228
39232
39235
39238
39241
39244
39247
39250
39253
39257
39260
39265
39268
39271
39274
39277
39280
39283
39286
39289
39292
39295
39298
39319
39322
39366
39369
39373
39396
39399
39402
39405
39408
39411
39414
39417
39430
39446
39449
39481
39484
39487
39534
39537
39554
39590
39632
39635
39745
39748
39751
39770
39776
39779
39782
39785
39788
39791
39830
39833
39836
39839
40073
40167
40238
40299
40302
40445
40557
40560
40563
40567
40570
40660
40703
40706
40731
40734
40737
40837
40852
40866
40990
40993
41012
41043
41046
41059
41214
41248
41251
41254
41257
41260
41263
41266
41269
41272
41275
41278
41281
41284
41287
41290
41293
41296
41302
41308
41311
41314
41321
41324
41327
41330
41333
41336
41339
41342
41345
41350
41353
41356
41428
41431
41434
41437
41440
41443
41446
41449
41452
41455
41458
41461
41464
41467
41470
41473
41476
41479
41482
41485
41488
41491
41494
41500
41503
41506
41509
41512
41515
41524
41527
41530
41533
41536
41539
41542
41545
41548
41551
41554
41562
41567
41574
41579
41583
41586
41590
41593
41600
41603
41613
41622
41625
41628
41631
41635
41639
41644
41650
41657
41662
41665
41669
41674
41677
41680
41683
41686
41689
41692
41695
41698
41701
41704
41707
41710
41713
41730
41737
41746
41749
41754
41758
41763
41766
41769
41773
41781
41784
41795
41798
41811
41837
41840
41846
41849
41852
41857
41860
41876
41880
41883
41886
41894
41897
41900
41903
41906
41909
41912
41915
41918
41921
41924
41927
41940
41943
41949
41980
42007
42010
42096
42100
42124
42127
42138
42148
42153
42162
42165
42224
42230
42239
42248
42255
42270
42276
42282
42285
42310
42313
42319
42323
42326
42333
42341
42344
42347
42353
42356
42359
42362
42365
42368
42371
42374
42377
42380
42383
42386
42389
42392
42395
42398
42401
42404
42407
42410
42413
42416
42419
42422
42439
42509
42512
42515
42518
42521
42524
42528
42531
42536
42546
42552
42569
42572
42575
42587
42623
42626
42629
42632
42635
42644
42647
42650
42653
42656
42659
42675
42689
42699
42708
42736
42739
42742
42750
42783
42815
42818
42836
42839
42850
42855
42862
42865
42872
42880
42883
42901
42904
42908
42934
42937
42943
42946
42952
42959
42962
42971
42976
42988
43002
43019
43030
43038
43043
43046
43056
43094
43098
43108
43150
43180
43187
43354
43364
43401
43404
43418
43421
43429
43444
43447
43450
43465
43481
43484
43490
43509
43527
43534
43555
43559
43568
43571
43587
43595
43600
43603
43613
43631
43634
43650
43664
43670
43675
43689
43692
43698
43709
43712
43715
43718
43721
43724
43727
43731
43734
43737
43740
43743
43746
43749
43752
43755
43758
43762
43765
43768
43771
43774
43777
43780
43783
43786
43789
43792
43797
43801
43804
43808
43816
43819
43828
43853
43905
43908
43923
43992
44051
44054
44302
44350
44353
44368
44371
44374
44377
44402
44406
44412
44439
44536
44551
44554
44655
44659
44676
44679
44714
44731
44737
44751
44812
44906
45074
45077
45127
45220
45264
45287
45290
45335
45339
45342
45345
45348
45351
45354
45357
45360
45363
45366
45370
45373
45376
45379
45382
45385
45388
45391
45394
45399
45402
45438
45441
45444
45448
45451
45454
45460
45463
45485
45488
45491
45494
45498
45501
45506
45509
45512
45515
45524
45556
45559
45562
45565
45568
45575
45578
45588
45609
45616
45619
45623
45633
45636
45639
45642
45645
45652
45655
45659
45676
45679
45685
45689
45694
45701
45707
45713
45716
45719
45735
45743
45748
45751
45768
45771
45774
45786
45794
45799
45804
45819
45840
45872
45875
45888
45891
45909
45912
45935
45943
45956
45959
45962
45968
45978
45981
45984
45988
45991
45994
45997
46000
46005
46008
46032
46046
46066
46103
46107
46149
46152
46185
46201
46209
46217
46228
46231
46234
46248
46251
46267
46273
46277
46280
46289
46292
46295
46302
46306
46310
46313
46339
46342
46348
46358
46378
46395
46438
46441
46444
46447
46450
46472
46475
46545
46551
46554
46557
46560
46563
46566
46572
46600
46616
46621
46651
46654
46695
46698
46712
46718
46783
46786
46789
46792
46806
46954
46957
46960
47027
47077
47108
47111
47114
47118
47124
47127
47130
47139
47142
47162
47388
47483
47639
47769
47772
47856
47896
47918
47999
48011
48110
48114
48130
48133
48143
48146
48150
48153
48161
48164
48169
48220
48301
48304
48329
48332
48350
48387
48417
48438
48445
48485
48556
48692
48717
48830
48833
48851
48892
48967
48970
49071
49095
49102
49123
49194
49197
49205
49208
49232
49235
49263
49290
49293
49296
49406
49416
49571
49578
49613
49616
49622
49931
49934
49943
49946
49958
50153
50315
50325
50328
50353
50356
50359
50362
50365
50458
50461
50464
50467
50471
50474
50477
50480
50483
50486
50489
50494
50497
50500
50503
50506
50509
50512
50515
50518
50521
50524
50528
50531
50541
50544
50547
50550
50553
50556
50559
50562
50566
50569
50572
50575
50589
50592
50611
50614
50617
50660
50663
50666
50669
50672
50675
50678
50709
50712
50715
50718
50734
50737
50744
50747
50755
50758
50779
50794
50829
50832
50846
50853
50857
50869
50872
50879
50885
50888
50891
50894
50897
50900
50903
50907
50910
50913
50916
50923
50953
50961
50965
50968
50971
50985
51007
51012
51015
51023
51026
51041
51044
51051
51061
51064
51067
51086
51089
51132
51135
51139
51161
51166
51169
51172
51175
51209
51215
51242
51270
51279
51282
51292
51360
51386
51419
51422
51433
51437
51467
51470
51473
51476
51479
51482
51486
51495
51498
51514
51524
51527
51531
51534
51579
51582
51585
51602
51626
51629
51664
51676
51679
51699
51710
51713
51716
51728
51739
51763
51766
51769
51774
51778
51788
51791
51794
51797
51800
51803
51807
51810
51816
51819
51822
51830
51849
51909
51912
51926
51929
51980
52025
52064
52067
52084
52101
52104
52136
52141
52144
52149
52152
52155
52158
52161
52164
52167
52170
52173
52176
52179
52182
52185
52188
52191
52194
52197
52200
52203
52206
52224
52227
52230
52233
52236
52241
52244
52247
52273
52276
52279
52282
52285
52300
52303
52306
52389
52392
52404
52407
52410
52413
52416
52419
52422
52425
52456
52459
52462
52465
52468
52471
52474
52477
52480
52485
52488
52491
52494
52497
52500
52503
52509
52518
52521
52524
52527
52534
52537
52540
52543
52546
52549
52552
52555
52558
52561
52564
52567
52570
52573
52576
52579
52582
52585
52588
52591
52625
52628
52631
52634
52637
52641
52644
52647
52650
52653
52656
52659
52662
52665
52680
52683
52686
52690
52693
52696
52699
52702
52705
52708
52712
52715
52718
52721
52724
52727
52730
52733
52736
52739
52742
52745
52748
52751
52754
52757
52760
52763
52766
52769
52772
52775
52778
52781
52784
52787
52790
52793
52796
52799
52802
52805
52808
52812
52815
52818
52821
52830
52835
52838
52841
52844
52855
52861
52866
52869
52875
52880
52889
52892
52895
52907
52916
52919
52926
52929
52932
52936
52952
52955
52958
52966
53001
53011
53014
53017
53020
53023
53026
53029
53032
53035
53039
53046
53061
53077
53080
53083
53088
53101
53104
53107
53110
53113
53156
53183
53186
53240
53256
53259
53262
53270
53287
53290
53293
53296
53318
53321
53334
53337
53340
53357
53378
53381
53450
53453
53461
53464
53468
53483
53486
53545
53549
53552
53555
53558
53609
53615
53618
53621
53624
53693
53696
53709
53712
53793
53796
53807
53812
53815
53896
53903
53985
54045
54048
54081
54084
54127
54130
54140
54143
54146
54149
54155
54211
54224
54292
54296
54377
54400
54409
54450
54453
54479
54482
54536
54539
54542
54560
54563
54571
54574
54577
54590
54593
54605
54632
54635
54648
54651
54657
54660
54673
54700
54741
54744
54747
54751
54754
54757
54766
54769
54772
54775
54778
54781
54785
54795
54798
54915
54918
54942
54945
54948
55130
55134
55150
55153
55174
55177
55180
55184
55187
55246
55267
55420
55423
55426
55477
55480
55603
55638
55641
55772
55775
55811
55888
55904
55907
55910
55913
55916
55919
55922
55936
55945
55948
56062
56065
56116
56138
56156
56162
56169
56172
56260
56263
56266
56304
56308
56311
56323
56339
56342
56345
56348
56351
56354
56357
56363
56367
56370
56373
56398
56401
56411
56414
56418
56421
56427
56442
56445
56448
56451
56454
56457
56460
56463
56466
56469
56472
56475
56478
56481
56484
56487
56490
56502
56505
56508
56511
56515
56518
56527
56530
56533
56536
56539
56542
56545
56548
56553
56556
56559
56562
56573
56576
56594
56597
56600
56606
56609
56612
56615
56618
56621
56624
56627
56630
56633
56636
56639
56642
56645
56648
56670
56673
56676
56679
56697
56717
56720
56728
56766
56769
56772
56776
56791
56805
56808
56811
56828
56944
56947
56996
57041
57044
57047
57050
57071
57187
57198
57201
57204
57207
57211
57214
57217
57220
57231
57234
57240
57243
57246
57284
57287
57324
57327
57337
57351
57354
57386
57389
57392
57400
57403
57406
57412
57415
57421
57425
57464
57623
57626
57629
57701
57704
57730
57745
57748
57823
57826
57829
57832
57835
57838
57860
57863
57893
57898
57901
57912
57920
57923
57967
57970
58001
58004
58007
58020
58047
58050
58059
58062
58065
58068
58071
58086
58089
58092
58095
58105
58108
58111
58114
58117
58120
58128
58162
58166
58179
58182
58185
58188
58240
58243
58246
58249
58252
58255
58259
58262
58267
58272
58279
58290
58295
58298
58301
58313
58316
58319
58337
58340
58351
58354
58357
58360
58363
58366
58369
58372
58384
58389
58392
58395
58398
58426
58429
58442
58445
58470
58473
58502
58518
58522
58559
58562
58565
58568
58571
58574
58607
58610
58654
58793
58796
58799
58804
58807
58810
58813
58835
58838
58858
58875
58878
58907
58915
58918
58932
58935
58938
58965
59016
59019
59032
59082
59113
59116
59128
59134
59137
59140
59143
59146
59154
59157
59207
59210
59213
59225
59228
59231
59234
59246
59249
59252
59255
59258
59261
59264
59278
59281
59321
59324
59336
59339
59342
59345
59348
59372
59375
59378
59383
59386
59389
59414
59417
59420
59429
59432
59435
59438
59441
59444
59447
59450
59454
59457
59460
59463
59468
59471
59495
59498
59501
59504
59535
59578
59594
59597
59600
59603
59619
59622
59625
59640
59643
59653
59656
59659
59724
59731
59734
59737
59740
59743
59746
59749
59752
59755
59765
59805
59812
59815
59818
59821
59828
59831
59835
59838
59868
59871
59880
59898
59901
59904
59907
59922
59933
59979
60014
60017
60056
60059
60073
60076
60196
60199
60240
60243
60262
60266
60269
60272
60277
60349
60352
60428
60432
60436
60441
60472
60476
60479
60491
60494
60499
60505
60534
60537
60554
60560
60563
60612
60615
60636
60640
60673
60676
60695
60698
60701
60704
60723
60726
60729
60732
60750
60753
60757
60760
60764
60785
60788
60808
60811
60814
60829
60832
60836
60839
60842
60845
60848
60851
60854
60857
60860
60863
60866
60870
60873
60876
60879
60882
60885
60894
60897
60900
60903
60906
60912
60915
60918
60926
60949
60960
60963
60972
60975
60978
60982
60985
60988
60991
60996
61017
61020
61023
61026
61029
61032
61035
61045
61048
61057
61060
61063
61147
61150
61155
61158
61270
61273
61276
61451
61454
61457
61477
61480
61492
61500
61509
61577
61580
61583
61615
61636
61639
61670
61673
61705
61708
61712
61715
61718
61721
61724
61727
61730
61734
61737
61740
61743
61748
61751
61754
61770
61776
61818
61823
61826
61829
61833
61836
61839
61842
61846
61849
61884
61973
61976
61979
61982
61985
61988
61991
61995
61998
62001
62004
62008
62026
62029
62032
62041
62044
62047
62056
62059
62062
62065
62070
62073
62076
62079
62089
62098
62101
62104
62109
62196
62199
62202
62205
62219
62222
62239
62242
62245
62251
62254
62257
62285
62288
62437
62467
62507
62512
62515
62526
62532
62535
62548
62551
62560
62563
62566
62569
62572
62575
62578
62612
62615
62618
62635
62642
62645
62648
62651
62664
62667
62670
62673
62676
62679
62682
62685
62688
62691
62694
62697
62700
62746
62749
62752
62755
62758
62761
62764
62767
62770
62774
62777
62780
62783
62786
62789
62795
62804
62807
62814
62817
62838
62841
62883
62886
62891
62915
62919
62929
62936
62939
62942
62945
63005
63008
63011
63014
63017
63020
63049
63052
63055
63059
63062
63065
63070
63094
63111
63114
63117
63120
63129
63160
63191
64167
64561
64564
64568
64571
64574
64577
64751
64754
65658
65661
65664
65667
65998
66001
66004
66007
66010
66774
66782
66785
66788
67086
67161
67164
67167
67170
67474
67477
67696
68050
68053
68132
68135
68309
68312
68315
68318
68322
68528
68532
68699
68702
68759
68762
68765
68768
68771
68790
68793
68796
69572
69753
69756
69759
69762
69765
69768
69772
69775
70371
70569
70572
71907
71910
71913
72054
72057
72060
72213
72216
72219
72222
72225
72228
72231
72234
72237
72732
72735
72738
72769
72772
72775
72778
72781
72784
73819
73873
73876
73879
73882
73885
74066
74069
74072
74075
74154
74158
74161
74174
75253
75256
75365
75368
75371
75543
75690
75693
75748
75751
75754
75757
75788
75791
75794
75878
75881
75996
75999
76092
76192
76195
76292
76295
76298
76301
76304
76307
76342
76420
76448
76451
76484
76488
76519
76522
76585
76699
77363
77366
77444
77447
77450
77453
77456
77700
77703
77706
77727
77755
78160
78163
78227
78230
78233
78236
78239
78242
78245
78248
78251
78254
78257
80056
80059
80062
80065
80068
80071
80832
80835
80838
81742
81745
81748
81928
81931
81934
81937
81940
81943
81946
82037
82040
82373
82376
82379
82382
82392
82395
82403
82406
82523
82527
82717
82773
82833
82836
82839
82842
82845
82848
82851
82854
83002
83005
83013
83016
83135
83166
83169
83172
83175
83178
83181
83184
83187
83190
83352
83355
83358
83361
83364
83367
83370
83373
83376
83379
83430
83488
83542
83545
83548
83551
83554
83557
83560
83563
83566
83569
83572
83575
83662
83834
83887
83890
83893
83896
83899
83902
83905
83908
83911
83915
84072
84075
84184
84187
84272
84630
84633
84728
84731
84734
84767
84826
84854
84858
84861
84951
84954
85102
85105
85225
85228
85231
85242
85281
85284
85289
85292
85295
85298
85301
85304
85307
85310
85527
85580
85583
85615
85633
85636
85639
85642
85645
85976
86217
86220
86355
86358
86364
86367
86370
86373
86376
86379
86426
86429
86432
86435
86453
86456
86481
86504
86595
86614
86617
86620
86623
86655
86734
86761
86769
86832
86842
86845
86918
86921
86924
86938
86967
86970
86976
86983
87008
87011
87026
87036
87039
87042
87052
87055
87084
87087
87120
87123
87151
87154
87169
87172
87187
87205
87208
87211
87215
87238
87241
87244
87247
87250
87253
87256
87259
87262
87265
87279
87282
87285
87431
87435
87450
87466
87469
87472
87499
87566
87569
87630
87633
87636
87639
87642
87646
87649
87752
87755
87758
87761
87764
87813
87825
87828
87831
87834
87837
87840
87843
87846
87850
87853
87856
87859
87939
87942
87945
87948
87951
87954
87962
87965
88005
88015
88018
88041
88067
88086
88090
88093
88220
88230
88257
88299
88316
88372
88375
88412
88415
88418
88421
88424
88427
88431
88434
88450
88453
89128
89131
89134
89137
89140
89492
89831
89834
89846
89850
89853
89856
89859
89864
90251
90265
90270
90273
90276
90279
90282
90285
90288
90291
90294
90297
90300
90303
90306
90309
90312
90315
90318
90321
90324
90327
90330
90333
90336
90339
90342
90345
90348
90351
90354
90357
90360
90363
90366
90369
90372
90375
90383
90386
90389
90392
90395
90398
90401
90404
90407
90410
90413
90423
90429
90432
90435
90438
90527
90530
90545
90548
90551
90554
90557
90569
90572
90575
90578
90581
90589
90592
90595
90598
90602
90605
90608
90611
90614
90617
90620
90623
90626
90629
90632
90635
90638
90641
90644
90647
90668
90671
90674
90689
90703
90706
90709
90712
90715
90718
90721
90817
90835
91183
91186
91189
91192
91195
91198
91201
91204
91208
91212
91215
91218
91221
91224
91227
91230
91233
91236
91239
91242
91245
91248
91251
91254
91257
91260
91263
91266
91269
91272
91275
91278
91281
91284
91287
91290
91293
91296
91299
91302
91305
91308
91312
91358
91393
91396
91407
91411
91421
91447
91450
91453
91456
91474
91477
91519
91564
91593
91596
91601
91604
91658
91661
91683
91686
91690
91694
91697
91700
91703
91706
91709
91712
91715
91718
91721
91724
91727
91730
91734
91737
91740
91743
91746
91749
91752
91755
91761
91764
91770
91773
91802
91807
91810
91817
91824
91845
91859
91862
91866
91869
91910
91913
91922
91925
91928
91941
91960
91973
91979
91982
92014
92017
92172
92204
92210
92213
92256
92259
92262
92266
92269
92289
92338
92483
92511
92514
92517
92555
92559
92562
92580
92583
92586
92589
92592
92595
92601
92604
92608
92611
92614
92617
92620
92627
92630
92639
92760
92767
92770
92787
92797
92800
92803
92827
92830
93033
93100
93103
93106
93128
93131
93185
93203
93206
93209
93212
93237
93240
93268
93280
93313
93382
93385
93389
93392
93395
93398
93401
93404
93407
93410
93413
93416
93443
93446
93470
93473
93479
93492
93510
93521
93527
93548
93551
93591
93594
93618
93621
93631
93636
93639
93642
93647
93661
93678
93681
93700
93703
93709
93712
93749
93875
93878
93899
93902
93918
93921
93993
93996
94009
94060
94169
94172
94175
94188
94191
94209
94245
94248
94281
94284
94324
94354
94360
94363
94367
94370
94373
94385
94389
94392
94415
94418
94421
94424
94427
94430
94451
94460
94536
94539
94547
94571
94574
94594
94607
94614
94619
94622
94625
94633
94703
94766
94769
94780
94783
94793
94806
94809
94812
94839
94908
94911
94916
94919
94924
94927
94947
94950
94974
94995
95023
95026
95029
95032
95035
95038
95043
95046
95049
95055
95088
95110
95113
95116
95119
95122
95125
95128
95142
95145
95148
95158
95162
95188
95191
95194
95197
95200
95207
95212
95299
95308
95388
95418
95428
95445
95452
95460
95480
95493
95511
95538
95546
95677
95724
95727
95741
95749
95765
95806
95811
95906
95909
95912
95921
95925
95943
96004
96010
96057
96060
96063
96066
96071
96074
96090
96093
96098
96101
96104
96115
96118
96121
96124
96129
96134
96137
96141
96144
96167
96170
96182
96185
96190
96193
96225
96228
96233
96236
96239
96242
96245
96248
96251
96254
96257
96261
96264
96267
96270
96273
96276
96279
96282
96285
96288
96291
96296
96299
96307
96310
96318
96326
96329
96341
96344
96357
96360
96363
96366
96369
96377
96380
96398
96424
96427
96450
96453
96456
96470
96482
96485
96488
96491
96496
96504
96509
96513
96518
96521
96534
96544
96547
96567
96570
96573
96580
96584
96596
96599
96612
96615
96618
96621
96631
96663
96676
96679
96697
96711
96714
96717
96735
96746
96750
96777
96780
96790
96806
96809
96825
96828
96831
96834
96844
96847
96850
96853
96857
96862
96865
96868
96871
96874
96878
96908
96911
96914
96922
96925
96931
96934
96937
96940
96951
96965
96968
96972
96975
96978
96981
96987
97024
97027
97051
97065
97068
97071
97076
97079
97082
97085
97093
97126
97129
97151
97156
97159
97177
97180
97190
97232
97260
97272
97275
97285
97288
97311
97334
97338
97341
97345
97348
97351
97354
97357
97360
97365
97368
97381
97397
97411
97433
97450
97453
97462
97478
97523
97551
97555
97567
97570
97573
97576
97594
97597
97600
97603
97606
97609
97618
97621
97631
97636
97642
97645
97670
97673
97677
97688
97691
97694
97697
97704
97709
97715
97719
97722
97725
97732
97740
97743
97796
97813
97817
97820
97823
97838
97841
97922
97937
97947
97953
97956
97992
97997
98000
98009
98020
98025
98029
98062
98065
98076
98087
98108
98114
98236
98239
98242
98245
98250
98253
98257
98283
98298
98301
98304
98307
98310
98313
98316
98319
98322
98325
98328
98337
98340
98343
98346
98349
98390
98393
98397
98403
98409
98412
98419
98423
98444
98453
98456
98490
98506
98580
98583
98586
98589
98592
98612
98615
98618
98622
98625
98628
98637
98640
98643
98646
98649
98652
98655
98658
98662
98665
98668
98671
98674
98715
98718
98721
98724
98727
98730
98733
98736
98739
98742
98745
98748
98751
98754
98757
98760
98763
98766
98795
98798
98801
98804
98904
98907
98914
98917
98920
98928
98931
98934
98937
98940
98943
98947
98950
98991
99057
99060
99063
99066
99069
99072
99075
99078
99081
99084
99087
99090
99093
99096
99099
99102
99105
99108
99180
99183
99186
99189
99192
99195
99198
99201
99204
99224
99233
99237
99240
99252
99255
99263
99268
99274
99277
99280
99283
99311
99314
99317
99320
99323
99326
99329
99363
99366
99369
99372
99375
99378
99381
99384
99387
99390
99393
99396
99399
99402
99405
99408
99411
99414
99417
99420
99423
99426
99429
99432
99435
99438
99441
99444
99447
99450
99531
99534
99537
99630
99633
99636
99691
99752
99755
99758
99808
99811
99814
99817
99821
99825
99828
99831
99834
99837
99840
99843
99846
99849
99852
99855
99863
99866
99872
99886
99889
99922
99959
99962
100024
100096
100099
100102
100198
100202
100205
100243
100246
100249
100272
100292
100295
100325
100460
100464
100490
100498
100505
100560
100663
100765
100768
100771
100774
100777
100780
100783
100786
100789
100792
100795
100798
100801
100804
100807
100810
100831
100834
100837
100850
100871
100875
100885
100888
100901
100913
100916
100920
100934
100937
100978
100981
100984
100999
101002
101015
101054
101069
101081
101091
101096
101099
101109
101112
101122
101125
101129
101165
101168
101191
101209
101212
101235
101241
101330
101333
101336
101339
101342
101351
101354
101357
101366
101393
101396
101403
101411
101421
101433
101436
101439
101457
101468
101471
101480
101485
101488
101491
101494
101539
101544
101547
101552
101594
101607
101610
101632
101741
101744
101747
101768
101771
101806
101809
101824
101885
101888
101891
101894
101897
101924
101927
101932
101935
101963
101966
101969
101972
101977
101980
101983
101997
102003
102031
102036
102065
102068
102090
102095
102100
102133
102148
102173
102176
102208
102211
102214
102217
102220
102223
102236
102239
102253
102256
102297
102300
102303
102306
102309
102312
102315
102322
102325
102328
102331
102344
102347
102425
102429
102471
102474
102495
102498
102501
102514
102525
102557
102560
102572
102582
102585
102594
102597
102609
102612
102615
102626
102629
102649
102659
102662
102666
102669
102703
102706
102709
102727
102747
102750
102753
102768
102771
102774
102777
102788
102832
102866
102869
102872
102875
102921
102924
102927
102945
102964
102967
102979
102994
102997
103013
103016
103019
103022
103025
103036
103100
103115
103156
103162
103165
103168
103179
103185
103191
103194
103198
103201
103204
103207
103216
103223
103239
103242
103251
103264
103267
103278
103281
103284
103287
103290
103293
103297
103301
103309
103317
103320
103325
103328
103332
103335
103340
103343
103348
103351
103354
103431
103436
103439
103443
103447
103452
103460
103463
103475
103480
103483
103507
103510
103520
103523
103535
103538
103550
103553
103562
103582
103585
103615
103644
103647
103650
103653
103656
103665
103668
103677
103680
103687
103696
103699
103732
103735
103749
103752
103770
103778
103781
103803
103806
103809
103812
103815
103831
103834
103841
103844
103869
103872
103875
103898
103901
103904
103920
103931
103940
103943
103946
103966
103969
103975
103978
104002
104008
104038
104041
104044
104047
104061
104075
104079
104082
104087
104090
104099
104102
104128
104131
104134
104137
104145
104151
104154
104157
104160
104163
104168
104175
104178
104186
104189
104192
104195
104207
104210
104213
104217
104220
104223
104237
104257
104271
104278
104284
104287
104326
104329
104332
104337
104346
104376
104396
104401
104404
104410
104413
104441
104444
104452
104455
104458
104465
104468
104478
104484
104492
104495
104539
104542
104545
104548
104553
104566
104569
104599
104615
104618
104621
104632
104655
104658
104672
104705
104718
104728
104744
104773
104805
104869
104874
104882
104907
104913
104916
104919
104922
104925
104928
104931
104934
104939
104942
104945
104948
104951
104954
104961
104964
104968
104971
104987
104990
104993
105012
105015
105018
105021
105024
105027
105030
105033
105036
105039
105046
105049
105052
105055
105058
105061
105064
105067
105070
105073
105077
105080
105083
105086
105089
105093
105098
105102
105107
105110
105113
105116
105119
105125
105128
105131
105135
105138
105141
105144
105147
105152
105155
105160
105163
105166
105169
105172
105175
105178
105181
105186
105189
105192
105195
105198
105201
105204
105208
105212
105215
105225
105228
105231
105236
105239
105242
105245
105248
105256
105259
105262
105265
105268
105271
105274
105277
105280
105283
105286
105289
105295
105298
105301
105304
105324
105342
105345
105348
105351
105355
105359
105362
105365
105368
105371
105375
105378
105449
105452
105476
105527
105530
105533
105536
105539
105542
105545
105551
105554
105557
105560
105563
105571
105574
105580
105583
105586
105589
105592
105601
105609
105612
105615
105618
105627
105635
105663
105672
105681
105684
105687
105694
105744
105763
105766
105769
105785
105788
105796
105877
105880
105895
105898
105952
105955
105967
105972
105975
105978
105981
105984
105990
106039
106078
106083
106120
106127
106130
106136
106159
106168
106183
106228
106231
106241
106248
106251
106416
106419
106422
106425
106428
106431
106434
106437
106440
106443
106539
106542
106545
106548
106551
106554
106557
106560
106563
106566
106570
106573
106576
106579
106582
106585
106588
106591
106597
106600
106604
106607
106610
106616
106619
106624
106627
106630
106633
106675
106678
106681
106684
106687
106690
106693
106704
106707
106747
106762
106771
106797
106800
106829
106832
106842
106869
106873
106908
107037
107041
107044
107064
107067
107070
107073
107076
107079
107131
107135
107138
107169
107183
107186
107230
107244
107262
107265
107268
107271
107274
107277
107280
107283
107286
107300
107303
107306
107318
107321
107324
107327
107330
107344
107347
107350
107356
107373
107376
107380
107383
107386
107394
107403
107406
107409
107416
107421
107424
107427
107430
107433
107452
107455
107465
107477
107484
107494
107497
107500
107516
107519
107525
107528
107536
107539
107542
107545
107549
107552
107555
107558
107565
107573
107578
107581
107584
107588
107592
107595
107603
107608
107611
107614
107633
107636
107640
107643
107646
107649
107652
107655
107658
107661
107664
107671
107681
107684
107687
107690
107693
107696
107699
107702
107705
107709
107730
107733
107736
107741
107754
107757
107760
107763
107777
107788
107793
107800
107803
107824
107827
107836
107845
107852
107855
107859
107862
107895
107906
107913
107959
107968
107971
107992
107995
107998
108012
108019
108022
108025
108033
108036
108041
108044
108047
108050
108053
108056
108059
108062
108065
108068
108071
108074
108077
108080
108084
108087
108090
108094
108097
108100
108106
108109
108116
108119
108123
108126
108135
108138
108154
108157
108173
108176
108179
108188
108191
108194
108207
108210
108213
108216
108219
108222
108225
108234
108249
108312
108315
108325
108328
108333
108338
108341
108345
108348
108364
108367
108370
108375
108378
108386
108406
108409
108413
108435
108440
108468
108486
108489
108492
108495
108504
108509
108535
108556
108561
108566
108572
108575
108579
108584
108587
108606
108609
108638
108641
108644
108661
108664
108672
108676
108679
108683
108686
108705
108713
108718
108721
108751
108754
108761
108764
108767
108770
108773
108778
108781
108784
108787
108795
108798
108801
108804
108807
108826
108829
108832
108835
108838
108849
108893
108896
108899
108913
108931
108966
108969
108978
109016
109019
109026
109047
109050
109053
109067
109088
109108
109111
109118
109122
109125
109128
109135
109138
109141
109152
109155
109170
109175
109178
109217
109229
109261
109264
109270
109273
109284
109296
109309
109320
109323
109326
109333
109336
109352
109355
109364
109367
109370
109380
109383
109392
109395
109400
109406
109446
109449
109453
109458
109462
109468
109471
109474
109477
109483
109486
109495
109498
109502
109578
109588
109598
109609
109612
109620
109626
109634
109653
109667
109672
109675
109686
109689
109710
109715
109731
109746
109757
109760
109764
109767
109770
109778
109783
109786
109789
109792
109795
109809
109821
109824
109827
109831
109834
109837
109851
109854
109857
109874
109878
109881
109884
109890
109901
109922
109943
109951
109969
109972
109989
110018
110021
110031
110034
110048
110051
110055
110058
110061
110064
110068
110071
110074
110077
110080
110087
110091
110094
110097
110103
110111
110114
110118
110121
110124
110130
110133
110136
110139
110143
110146
110149
110165
110168
110181
110187
110208
110217
110225
110228
110235
110238
110241
110244
110249
110252
110258
110265
110270
110286
110297
110300
110303
110322
110325
110330
110337
110340
110357
110360
110369
110372
110375
110380
110383
110386
110401
110404
110408
110412
110417
110420
110423
110426
110435
110438
110441
110446
110449
110452
110455
110475
110478
110481
110488
110502
110505
110512
110515
110520
110528
110531
110542
110545
110562
110571
110574
110598
110601
110604
110607
110610
110613
110636
110639
110650
110653
110657
110660
110663
110669
110672
110675
110678
110681
110684
110687
110690
110694
110697
110702
110705
110708
110734
110739
110757
110761
110764
110773
110776
110779
110782
110785
110788
110815
110829
110832
110835
110838
110874
110888
110891
110894
110897
110900
110913
110916
110935
110938
110949
110956
110974
110977
110980
110992
110996
110999
111002
111015
111018
111022
111025
111028
111042
111050
111053
111056
111089
111092
111115
111118
111121
111134
111139
111142
111152
111155
111183
111186
111191
111205
111269
111272
111298
111306
111309
111316
111319
111322
111325
111357
111360
111366
111372
111375
111386
111390
111393
111397
111401
111409
111416
111419
111453
111456
111481
111484
111497
111513
111562
111566
111632
111636
111656
111659
111669
111672
111675
111698
111731
111734
111738
111759
111795
111798
111802
111813
111816
111829
111832
111842
111884
111887
111915
111923
111935
111938
111970
111973
111976
111984
111987
112013
112031
112040
112045
112050
112060
112076
112080
112084
112087
112093
112109
112112
112115
112118
112121
112139
112142
112145
112148
112161
112164
112189
112198
112201
112214
112223
112226
112235
112241
112253
112259
112262
112270
112273
112282
112285
112288
112303
112311
112320
112334
112337
112375
112378
112381
112384
112387
112402
112409
112413
112417
112420
112423
112427
112430
112433
112437
112441
112444
112447
112451
112454
112465
112494
112497
112500
112516
112533
112550
112563
112566
112569
112572
112576
112590
112593
112606
112650
112664
112667
112672
112677
112687
112691
112695
112722
112725
112728
112731
112735
112747
112763
112766
112769
112807
112812
112840
112844
112863
112884
112926
112931
112960
112971
112982
112988
112993
113018
113046
113073
113078
113081
113108
113111
113133
113136
113160
113163
113171
113181
113184
113193
113201
113227
113230
113239
113292
113295
113299
113302
113305
113308
113311
113314
113317
113320
113323
113326
113329
113332
113335
113351
113354
113357
113363
113366
113381
113385
113388
113392
113402
113405
113408
113411
113418
113421
113428
113431
113434
113445
113448
113452
113455
113460
113463
113479
113483
113488
113491
113494
113497
113502
113505
113508
113511
113514
113533
113536
113544
113555
113558
113566
113569
113580
113587
113590
113594
113597
113600
113603
113609
113612
113616
113628
113631
113639
113648
113651
113665
113668
113701
113705
113728
113731
113734
113744
113754
113758
113761
113764
113767
113770
113773
113776
113780
113783
113786
113789
113792
113795
113803
113806
113810
113813
113816
113820
113823
113831
113834
113837
113840
113843
113846
113853
113856
113859
113878
113914
113917
113938
113947
113950
113953
113956
113963
113966
113969
113972
113975
113978
113983
113986
113989
113992
113996
113999
114002
114012
114015
114023
114026
114029
114032
114043
114051
114054
114057
114103
114107
114110
114149
114159
114166
114184
114187
114199
114202
114210
114213
114216
114219
114223
114243
114268
114283
114286
114303
114311
114315
114318
114321
114324
114358
114361
114370
114373
114376
114379
114457
114465
114474
114477
114480
114499
114502
114508
114517
114520
114552
114580
114629
114633
114658
114661
114664
114667
114676
114684
114689
114694
114697
114703
114711
114716
114722
114725
114732
114736
114739
114756
114783
114808
114817
114834
114842
114845
114848
114854
114865
114868
114877
114886
114962
114967
114970
114977
114980
114983
114986
115000
115004
115008
115065
115077
115081
115084
115087
115090
115093
115105
115108
115111
115116
115119
115123
115126
115129
115132
115135
115144
115147
115160
115163
115168
115171
115174
115177
115206
115209
115215
115218
115231
115234
115251
115254
115257
115260
115275
115278
115281
115284
115287
115290
115293
115296
115299
115320
115323
115326
115329
115332
115336
115339
115349
115353
115356
115359
115362
115365
115368
115371
115374
115377
115380
115383
115386
115403
115406
115410
115413
115440
115443
115446
115449
115452
115455
115464
115467
115470
115474
115477
115488
115491
115499
115504
115507
115515
115518
115522
115537
115542
115545
115548
115551
115567
115570
115573
115582
115585
115588
115591
115594
115597
115614
115620
115623
115626
115629
115632
115708
115711
115714
115717
115793
115796
115799
115802
115805
115926
115947
115950
116581
116584
116587
116590
116595
116598
116630
116633
116636
116639
116708
116711
116714
116717
116720
116723
116726
116729
116734
116737
116740
116768
116772
116775
116778
116781
116784
116812
116815
116818
116937
116940
118505
118508
118511
118514
118517
118520
118523
118526
118529
118532
118535
118538
118541
118544
118547
118550
118559
118562
118565
118568
118571
118574
118577
118580
118583
118586
118589
118592
118595
118598
118610
118613
118616
118627
118634
118651
118657
118660
118663
118666
118670
118673
118960
118963
118966
118969
118972
118975
118978
118981
118984
118987
118990
118993
119039
119042
119055
119058
119061
119064
119067
119070
119073
119084
119097
119101
119114
119126
119129
119143
119146
119150
119166
119169
119302
119305
119308
119311
119314
119317
119343
119346
119534
119557
119577
119652
119656
119659
119662
119665
119668
119671
119674
119677
119680
119683
119696
119699
119702
119705
119708
119711
119714
119717
119720
119723
119726
119729
119732
119735
119738
119741
119744
119747
119750
119753
119756
119759
119762
119765
119768
119921
119924
120385
120388
120489
120492
120821
120824
120829
120832
121278
121281
121284
121287
121290
121311
121314
121317
121320
121323
121347
121350
121353
121357
121397
121400
121403
121406
121409
121412
121415
121418
121421
121424
121454
121457
121460
121463
121466
121469
121472
121475
121478
121481
121484
121487
121491
121494
121497
121500
121503
121506
121509
121512
121515
121518
121521
121524
121527
121530
121669
121672
121675
121678
121681
121851
121854
121857
121863
121866
121869
121872
121875
121880
121883
121887
121890
121893
121896
121899
121903
121906
121910
121926
121929
121932
121935
121942
121973
121988
122120
122160
122218
122227
122230
122264
122267
122270
122273
122352
122355
122425
122428
122431
122434
122439
122442
122445
122448
122451
122454
122457
122465
122468
122481
122486
122489
122492
122495
122498
122540
122543
122549
122552
122555
122558
122621
122624
122639
122642
122647
122650
122653
122656
122733
122736
122852
122855
122858
122884
122887
122890
122897
122900
122904
122907
122910
122913
122916
