2020_4_18_15_23_56
1
4
21
24
27
30
33
42
47
65
68
71
98
107
110
149
152
156
159
163
173
176
179
183
186
189
192
350
353
356
359
362
365
368
376
386
389
392
399
406
429
482
485
493
496
510
532
535
538
552
610
613
627
641
677
680
683
695
701
704
723
728
731
734
767
798
845
848
856
859
879
925
928
935
938
943
946
949
963
969
978
1053
1056
1059
1095
1109
1207
1210
1233
1265
1268
1308
1311
1317
1320
1359
1362
1365
1368
1371
1374
1377
1380
1407
1410
1417
1482
1488
1491
1494
1527
1530
1590
1596
1636
1728
1731
1952
1955
2031
2034
2117
2120
2123
2150
2153
2185
2203
2273
2276
2279
2366
2369
2372
2375
2378
2381
2384
2387
2575
2578
2581
2584
2587
2590
2593
2617
2620
2623
2626
2710
2823
2847
2850
2853
2856
2859
2862
2865
2868
2871
2899
2918
2921
2924
2927
3082
3110
3113
3116
3124
3129
3176
3180
3185
3188
3203
3652
3716
3719
3723
3726
3729
3769
3831
3937
3940
3966
3987
3990
3993
3999
4002
4005
4008
4011
4014
4017
4102
4169
4242
4266
4274
4285
4288
4291
4294
4297
4300
4315
4318
4321
4345
4348
4351
4354
4357
4360
4363
4366
4369
4372
4375
4378
4381
4384
4387
4390
4393
4396
4399
4402
4405
4408
4411
4414
4417
4420
4423
4426
4436
4439
4442
4445
4448
4458
4461
4468
4471
4474
4479
4484
4487
4490
4493
4507
4510
4513
4519
11747
11750
11753
11776
11779
11782
11843
11846
11849
11852
11855
11858
11861
11864
11895
11898
11901
11904
11907
11910
11913
11920
11944
11947
11985
11988
12001
12016
12046
12050
12053
12056
12095
12098
12101
12104
12107
12110
12113
12116
12119
12122
12125
12128
12131
12134
12137
12140
12143
12148
12151
12154
14236
14344
16921
16954
16957
16960
16963
16966
16969
16972
16985
16992
16996
16999
17002
17025
17028
17031
17034
17037
17040
17043
17046
17049
17052
17055
17058
17072
17075
17078
17081
17097
17100
17104
17107
17110
17113
17119
17122
17143
17146
17178
17181
17188
17208
17211
17214
17232
17235
17241
17244
17247
17250
17253
17370
17373
17381
17384
17387
17390
17420
17850
17853
17923
17928
17931
18033
18036
18045
18048
18051
18054
18057
18060
18063
18066
18069
18073
18148
18156
18159
18193
18281
18298
18301
18369
18479
18482
18485
18490
18494
18500
18503
18506
18509
18521
18561
18564
18567
18577
18580
18583
18586
18590
18613
18668
18679
18682
18686
18701
18709
18717
18720
18725
18728
18731
18735
18738
18741
18745
18748
18751
18756
18762
18765
18768
18771
18776
18779
18782
18793
18807
18810
18813
18816
18819
18822
18842
18846
18849
19019
19263
19421
19424
19430
19433
19444
19447
19469
19472
19475
19479
19482
19522
19525
19528
20065
20068
20078
20103
20106
20119
20166
20196
20203
20219
20222
20225
20236
20241
20314
20317
20320
20323
20326
20350
20353
20356
20359
20363
20366
20369
20372
20375
20398
20401
20405
20408
20411
20414
20417
20420
20423
20426
20429
20432
20435
20438
20441
20444
20447
20450
20454
20457
20460
20463
20469
20472
20475
20478
20481
20485
20488
20492
20495
20498
20501
20504
20507
20510
20513
20516
20519
20522
20525
20543
20546
20549
20553
20556
20559
20562
20565
20571
20574
20577
20580
20583
20587
20675
20678
20681
20684
20687
20690
20693
20696
20699
20702
20705
20708
20711
20714
20717
20720
20723
20726
20784
20787
20790
20793
20796
20799
20803
20806
20809
20820
20830
20898
20938
20983
21039
21042
21045
21048
21051
21054
21057
21060
21063
21066
21069
21072
21076
21079
21082
21124
21127
21183
21189
21192
21197
21200
21248
21269
21273
21276
21279
21763
21766
21769
21772
21924
21928
21952
21967
21997
22000
22003
22006
22009
22144
22147
22173
22280
22283
22303
22343
22346
22376
22475
22616
22643
22646
22649
22652
22655
22679
22682
22702
22705
22708
22745
22748
22773
22776
22884
22887
22959
22962
23055
23058
23100
23103
23106
23109
23112
23115
23118
23121
23176
23231
23242
23245
23338
23510
23561
23564
23567
23642
23645
23652
23742
23823
23859
23870
23873
23876
23879
23920
23924
23928
24079
24104
24129
24132
24138
24141
24160
24221
24224
24248
24262
24265
24310
24313
24317
24325
24328
24336
24339
24342
24347
24359
24362
24423
24426
24429
24437
24440
24443
24446
24449
24452
24455
24458
24461
24464
24467
24470
24473
24476
24479
24482
24485
24488
24491
24502
24505
24531
24534
24537
24573
24798
27685
27688
27691
27694
27697
27700
27703
29021
29025
29688
29691
29996
30213
30216
30219
30713
30716
30719
30884
30887
30890
30938
30941
30944
31243
31246
31249
31252
31255
31258
31261
31276
33550
33553
33556
33870
33882
33885
33888
33891
35187
35190
35193
35196
35199
35203
35206
35209
35212
35215
35227
35231
35342
35345
35370
35388
35391
35394
35397
35400
35403
35406
35409
35412
35901
36363
36366
36396
36413
36416
36419
36422
36425
36428
36431
36434
37141
37146
37149
37152
37156
37384
37387
37443
37951
37954
37957
38465
38606
38609
38612
38642
38891
38894
38897
38900
39040
39043
39081
39296
39301
39304
39483
39583
39731
39821
39950
39953
39956
39959
39963
39995
39998
40001
40004
40057
40657
40660
40663
40666
40954
40989
40992
41858
41861
41864
41923
41926
41970
41973
41976
41979
41982
41985
41988
42039
42995
42998
43001
43138
43141
43144
43147
43150
44616
44619
44622
44630
44633
44636
44678
44681
44684
44687
44766
44769
44772
44943
44946
44949
44952
45202
45205
45208
45356
45359
45458
45596
45599
45602
45605
45610
45686
45689
45692
45696
45851
45894
46000
46079
46187
46307
46310
46313
46316
46632
46635
46638
46641
46644
46899
46902
46966
47100
47103
47165
47168
47171
47174
47177
47265
47268
47347
47350
47674
47677
47733
47955
47958
47961
47964
47967
47970
47973
48298
48301
48304
49177
49180
49183
49186
49189
49192
50530
50533
50536
50539
50616
50619
50628
50631
51092
51095
51098
51498
51501
51571
51955
51976
51979
52057
52060
52281
52284
52287
52416
52419
52422
52425
52428
52590
52593
52719
52722
52725
52912
52915
52918
52921
52924
52927
53228
53231
53395
53457
53460
53618
53622
53625
53628
53631
53634
53857
53955
54069
54433
54436
54439
54481
54555
54768
54771
54774
54777
54782
54884
54912
54915
54918
54921
54928
54994
55130
55133
55281
55284
55287
55290
55293
55296
55299
55302
55319
55322
55354
55357
55455
55684
55694
55697
55700
55703
55706
55712
55720
55723
55726
55729
55732
55735
55738
55978
55981
56076
56080
56083
56086
56089
56092
56095
56098
56101
56115
56132
56139
56142
56168
56172
56258
56562
56565
56568
56571
56574
56689
56692
56695
56698
56734
56737
56830
56833
56864
56867
56870
56873
56876
56879
56934
57004
57044
57052
57055
57084
57092
57098
57330
57333
57336
57343
57390
57393
57396
57426
57429
57517
57520
57880
57943
58035
58200
58203
58206
58209
58277
58280
58283
58286
58289
58292
58397
58406
58409
58412
58415
58418
58427
58430
58433
58436
58439
58442
58445
58448
58452
58455
58462
58479
58482
58548
58551
58562
58566
58601
58604
58609
58612
58615
58618
58726
58729
58732
58735
58738
58741
58744
58747
58750
58753
58756
63005
63008
63011
63025
63028
63031
63034
63037
63041
63044
63047
63050
63054
63057
63060
64774
64777
64780
64783
64786
64789
64798
64803
64806
64809
65078
65135
65233
65246
65375
65378
65381
65387
65390
65393
65398
65401
65405
65409
66003
66006
66095
66098
66101
66166
66174
66177
66180
66186
66189
66192
66268
66274
66277
66293
66296
66309
66312
66315
66318
66321
66488
66495
66498
66501
66504
66507
66510
66513
66516
66519
66522
66525
66529
66546
66551
66559
66569
66573
66577
66580
66589
66601
66604
66811
67102
67105
67108
67467
67470
67473
67476
67479
67482
67485
67488
67491
67494
67497
67500
67503
67506
67509
67512
67515
67518
67521
67524
67527
67530
67533
67536
67539
67542
67545
67548
67551
67554
67557
67560
67563
69658
69661
69664
69674
69677
69708
69711
69714
69717
69720
69723
69737
69740
69743
69746
69749
69759
69922
69925
69939
69942
69945
69948
69951
69954
69957
70017
70020
70023
70026
70029
70032
70035
70038
70105
70108
70111
70114
70117
70120
70123
70179
70182
70196
70199
70202
70205
70505
70522
70525
70528
70531
70556
70687
70692
70695
70796
70823
70828
70831
70834
70837
70955
70958
70966
70969
70973
71098
71101
71104
71107
71114
71230
71289
71292
71295
71298
71318
71322
71325
71329
71338
71341
71354
71361
71366
71369
71372
71375
71380
71383
71391
71394
71398
71402
71405
71408
71473
71492
71495
71498
71504
71522
71525
71535
71542
71589
71610
71646
71850
71878
71881
71884
71904
71907
71911
71914
71917
71927
71930
71943
72041
72080
72083
72088
72091
72147
72363
72366
72375
72396
72459
72512
72544
72547
72632
72635
72682
72771
72780
72857
72903
72947
72950
72966
72983
72995
72998
73006
73022
73033
73036
73039
73042
73118
73161
73178
73183
73187
73190
73193
73196
73247
73250
73253
73259
73271
73284
73287
73298
73305
73320
73382
73385
73388
73401
73418
73435
73447
73453
73456
73495
73499
73506
73510
73536
73539
73543
73551
73583
73586
73589
73592
73600
73603
73606
73621
73624
73638
73641
73644
73659
73679
73683
73686
73689
73713
73716
73719
73722
73726
73729
73732
73775
73778
73781
73802
73833
73840
73843
73882
73885
73888
73909
73912
73915
73918
73921
73924
73927
73930
73933
73942
73945
73959
74007
74010
74013
74106
74109
74112
74115
74118
75008
75011
75014
75017
75020
75024
75027
75045
75066
75072
75075
75078
75081
75086
75089
75092
75107
75113
75116
75123
75126
75146
75150
75154
75159
75162
75166
75172
75175
75182
75200
75203
75252
75262
75272
75288
75291
75301
75381
75425
75441
75444
75450
75453
75456
75459
75464
75470
75619
75800
75803
75814
75817
75820
75826
75829
75832
75835
75838
75841
75844
75856
75872
75877
75882
75888
75896
75902
75905
75914
75917
75920
75970
75973
75981
75984
75991
75994
75997
76000
76003
76006
76009
76012
76015
76018
76021
76024
76029
76032
76035
76045
76050
76053
76056
76059
76062
76071
76076
76081
76085
76088
76093
76097
76147
76158
76165
76168
76172
76175
76178
76181
76185
76188
76204
76227
76230
76233
76238
76245
76248
76256
76259
76262
76265
76270
76273
76276
76279
76282
76285
76288
76296
76304
76311
76314
76320
76325
76328
76341
76344
76347
76350
76363
76373
76379
76382
76385
76388
76391
76395
76398
76401
76404
76407
76410
76414
76417
76420
76423
76429
76432
76435
76438
76441
76444
76447
76453
76456
76459
76462
76471
76474
76478
76501
76512
76515
76518
76521
76526
76529
76532
76535
76544
76547
76551
76593
76603
76606
76612
76619
76628
76638
76641
76644
76654
76659
76667
76680
76684
76687
76690
76693
76696
76700
76703
76706
76710
76721
76761
76764
76767
76770
76778
76781
76785
76788
76791
76796
76803
76806
76809
76822
76825
76828
76831
76834
76837
76840
76843
76846
76849
76852
76855
76858
76861
76864
76867
76876
76879
76887
76890
76893
76898
76901
76906
76914
76918
76925
76928
76931
76934
76938
76941
76945
76948
76951
76970
76973
76982
76987
76990
76993
77006
77010
77013
77021
77038
77043
77057
77060
77063
77107
77110
77113
77120
77124
77293
77307
77310
77318
77321
77324
77327
77330
77333
77336
77340
77343
77347
77350
77364
77367
77370
77373
77376
77379
77382
77385
77388
77391
77395
77401
77404
77410
77467
77471
77474
77485
77488
77491
77498
77501
77505
77511
77514
77517
77522
77525
77546
77550
77555
77559
77562
77568
77571
77574
77577
77580
77585
77611
77615
77618
77624
77627
77650
77653
77660
77663
77671
77674
77678
77681
77685
77692
77704
77707
77718
77721
77724
77727
77744
77747
77751
77755
77777
77788
77791
77794
77820
77829
77851
77854
77858
77861
77864
77867
77875
77878
77884
77887
77890
77893
77896
77899
77902
77909
77912
77915
77947
77950
77977
77980
78026
78029
78032
78035
78038
78041
78110
78166
78169
78185
78188
78191
78194
78197
78200
78203
78559
78562
78565
78572
78575
78578
78776
78779
78782
78788
78791
78794
79669
79717
79720
79723
79726
79729
79732
79768
79917
79920
79923
79927
79930
79981
80020
80023
80054
80057
80110
80118
80174
80208
80229
80232
80284
80378
80420
80455
80469
80480
80609
80627
80666
80850
80853
80856
80859
80863
80866
80869
80872
80875
80878
80881
80884
80887
80890
80893
80896
80899
80902
80905
80911
80918
80921
80924
80927
80930
80933
80936
80939
80942
80945
80948
80951
80954
80957
80960
80963
80966
80969
80972
80997
81000
81003
81049
81052
81055
81058
81061
81067
81070
81073
81076
81079
81082
81085
81088
81095
81098
81104
81111
81114
81149
81171
81174
81177
81180
81183
81193
81209
81212
81254
81421
81424
81459
81462
81468
81471
81546
81590
81593
81743
81746
81755
81782
81786
81789
81792
81870
81897
81927
81932
81935
81938
81941
81944
81947
82024
82033
82036
82039
82047
82275
82279
82293
82313
82316
82375
82387
82446
82478
82649
82652
82673
82676
82679
82726
82748
82751
82770
82773
82780
82785
82788
82798
82866
82958
82961
82967
82970
82990
82997
83015
83026
83060
83069
83141
83144
83156
83159
83172
83242
83308
83312
83346
83354
83375
83378
83427
83430
83433
83436
83439
83442
83445
83450
83453
83456
83459
83462
83465
83469
83472
83480
83483
83495
83557
83562
83599
83677
83680
83683
83722
83725
83746
83749
83799
83803
83815
83836
83845
83869
83887
83890
83953
83956
83959
83977
83981
83984
84065
84086
84090
84093
84096
84099
84102
84105
84108
84111
84114
84117
84120
84123
84126
84129
84132
84135
84149
84152
84166
84169
84172
84175
84179
84182
84185
84188
84191
84194
84197
84200
84204
84212
84216
84219
84223
84226
84229
84232
84235
84238
84248
84251
84254
84257
84260
84263
84266
84269
84272
84275
84279
84282
84285
84295
84298
84301
84304
84308
84311
84314
84317
84320
84323
84326
84329
84332
84335
84338
84341
84344
84367
84380
84413
84416
84453
84479
84518
84656
84700
84706
84709
84712
84715
84718
84721
84724
84727
84735
84738
84741
84744
84751
84754
84758
84761
84764
84773
84776
84788
84849
84852
84870
84873
84912
84915
84918
84921
84924
84927
84930
85039
85043
85047
85050
85053
85056
85059
85062
85065
85068
85071
85074
85077
85080
85083
85086
85089
85092
85095
85105
85108
85111
85115
85118
85140
85143
85146
85156
85171
85174
85177
85183
85194
85199
85208
85211
85214
85224
85227
85237
85240
85243
85246
85250
85258
85261
85302
85305
85308
85316
85322
85343
85346
85351
85364
85368
85371
85374
85381
85391
85398
85408
85415
85439
85443
85455
85539
85542
85546
85555
85558
85561
85564
85567
85618
85654
85657
85660
85663
85694
85697
85700
85703
85706
85709
85712
85716
85730
85733
85737
85740
85743
85746
85749
85752
85755
85758
85770
85773
85776
85789
85792
85805
85819
85839
85845
85848
85853
85859
85862
85866
85869
85872
85875
85882
85885
85896
85901
85904
85910
85913
85916
85920
85930
85933
85936
85946
85957
85966
85969
85982
85985
85993
86000
86008
86013
86016
86019
86022
86027
86030
86038
86041
86046
86049
86055
86059
86062
86072
86075
86084
86087
86090
86093
86137
86140
86151
86154
86157
86171
86174
86187
86190
86193
86196
86199
86202
86205
86225
86230
86236
86239
86242
86245
86248
86259
86262
86272
86290
86294
86321
86324
86380
86401
86405
86452
86455
86471
86474
86477
86481
86496
86535
86538
86560
86563
86613
86686
86689
86692
86719
86722
86725
86729
86732
86787
86790
86830
86833
86836
86882
86897
86900
86960
87012
87051
87054
87070
87073
87076
87079
87088
87132
87135
87144
87162
87165
87168
87171
87184
87187
87194
87197
87253
87256
87263
87384
87480
87520
87527
87530
87533
87536
87548
87551
87671
87674
87677
87680
87706
87709
87716
87719
87738
87741
87744
87750
87753
87756
87759
87775
87778
87781
87784
87787
87792
87795
87798
87802
87805
87819
87822
87826
87851
87854
87867
87870
87873
87876
87879
87882
87885
87888
87891
87894
87897
87900
87904
87907
87910
87913
87916
87919
87928
87940
87950
87953
87999
88002
88005
88008
88014
88017
88027
88030
88033
88053
88057
88088
88091
88094
88097
88100
88103
88106
88123
88126
88129
88132
88135
88138
88141
88144
88147
88150
88153
88156
88159
88162
88165
88168
88171
88174
88177
88180
88183
88186
88189
88192
88195
88199
88202
88281
88284
88287
88290
88296
88299
88311
88314
88317
88320
88492
88495
88498
88501
88504
88688
88691
88694
88697
88797
88800
88803
88806
88809
88812
88815
88818
88949
88952
88956
88961
88964
88967
88977
88985
88994
89012
89189
89192
89195
89198
89201
89204
89207
89210
89213
89216
89219
89222
89225
89228
89231
89234
89237
89240
89243
89246
89249
89257
89260
89263
89266
89269
89272
89278
89281
89284
89287
89290
89293
89296
89316
89319
89322
89327
89330
89333
89338
89341
89344
89351
89355
89358
89361
89364
89369
89372
89375
89381
89384
89390
89393
89397
89402
89405
89414
89417
89420
89423
89427
89430
89433
89439
89444
89447
89455
89458
89462
89467
89470
89473
89476
89479
89488
89493
89496
89499
89502
89505
89512
89515
89518
89530
89533
89536
89539
89542
89549
89553
89556
89559
89563
89570
89573
89580
89583
89586
89589
89592
89595
89598
89609
89612
89615
89618
89625
89628
89631
89634
89637
89640
89643
89647
89650
89658
89662
89665
89672
89675
89679
89682
89685
89689
89692
89710
89714
89717
89722
89726
89729
89735
89738
89742
89745
89748
89751
89754
89757
89760
89763
89770
89774
89786
89791
89794
89799
89802
89805
89808
89811
89818
89823
89826
89832
89835
89845
89848
89851
89856
89861
89864
89870
89873
89876
89879
89882
89885
89888
89891
89896
89901
89905
89912
89915
89918
89929
89934
89937
89940
89945
89954
89957
89960
89963
89970
89973
89976
89982
89988
89991
90004
90007
90015
90018
90024
90027
90031
90043
90046
90051
90054
90057
90060
90063
90066
90072
90075
90078
90081
90085
90098
90101
90104
90112
90117
90120
90124
90128
90131
90134
90138
90141
90144
90147
90150
90156
90159
90162
90165
90168
90171
90174
90177
90180
90183
90186
90192
90196
90199
90202
90205
90208
90211
90214
90219
90223
90232
90235
90238
90241
90258
90261
90274
90277
90280
90296
90300
90303
90306
90313
90316
90319
90327
90330
90345
90348
90365
90368
90371
90382
90385
90388
90411
90423
90426
90429
90452
90455
90458
90486
90489
90492
90508
90511
90514
90517
90520
90523
90526
90530
90533
90536
90544
90547
90550
90564
90571
90574
90577
90580
90583
90590
90594
90597
90600
90613
90617
90620
90628
90631
90636
90639
90642
90645
90648
90651
90658
90662
90665
90668
90676
90679
90684
90687
90692
90696
90699
90702
90705
90715
90719
90722
90725
90728
90738
90741
90744
90750
90753
90756
90759
90762
90765
90787
90790
90793
90796
90799
90807
90810
90826
90829
90832
90835
90838
90841
90844
90853
90856
90859
90868
90871
90878
90886
90889
90892
90895
90902
90905
90908
90911
90914
90921
90924
90927
90930
90933
90936
90942
90945
90955
90958
90961
90969
90974
90977
90996
90999
91002
91021
91024
91027
91031
91034
91037
91040
91048
91051
91054
91060
91063
91066
91069
91072
91075
91078
91081
91089
91092
91095
91102
91105
91108
91111
91114
91117
91120
91136
91139
91143
91146
91153
91156
91159
91164
91167
91173
91176
91179
91186
91189
91192
91195
91198
91201
91204
91207
91210
91213
91217
91220
91223
91226
91231
91234
91238
91244
91247
91250
91253
91257
91260
91263
91277
91280
91283
91302
91305
91308
91311
91314
91317
91320
91323
91326
91329
91333
91336
91340
91343
91346
91349
91352
91355
91358
91361
91364
91369
91372
91375
91381
91384
91387
91391
91394
91397
91403
91406
91409
91412
91415
91418
91425
91428
91436
91439
91442
91445
91448
91454
91457
91460
91463
91466
91469
91476
91479
91504
91507
91532
91535
91577
91580
91603
91606
91609
91629
91632
91642
91645
91653
91687
91690
91693
91696
91727
91730
91766
91769
91772
91775
91828
91831
91837
91840
91850
91854
91857
91860
91902
91905
91909
91912
91921
91924
92075
92109
92112
92186
92189
92194
92197
92223
92227
92250
92286
92289
92317
92339
92342
92373
92376
92379
92450
92453
92460
92471
92474
92477
92545
92551
92554
92562
92579
92582
92598
92680
92683
92723
92726
92747
92750
92754
92765
92790
92793
92810
92831
92834
92852
92855
92902
92905
92908
92911
92914
92928
92931
92934
92948
92965
92968
92971
92974
92979
92986
93048
93051
93054
93076
93079
93114
93135
93164
93179
93182
93185
93188
93192
93195
93212
93226
93229
93258
93299
93302
93309
93312
93321
93324
93327
93331
93334
93337
93340
93343
93346
93349
93352
93355
93361
93364
93370
93373
93376
93382
93385
93397
93405
93410
93413
93416
93419
93422
93436
93439
93457
93460
93465
93468
93483
93493
93496
93517
93520
93546
93636
93670
93727
93730
93742
93745
93819
93823
93826
93829
93843
93861
93865
93868
93901
93909
93912
93937
93940
93949
93973
93976
93979
93983
93986
93989
93992
93995
93998
94013
94016
94022
94025
94028
94031
94035
94038
94041
94044
94047
94050
94053
94072
94075
94078
94099
94102
94105
94108
94111
94122
94125
94151
94154
94223
94237
94240
94298
94301
94304
94309
94312
94411
94414
94417
94420
94423
94429
94439
94442
94445
94448
94451
94454
94465
94468
94480
94485
94488
94491
94494
94497
94500
94517
94520
94523
94526
94529
94532
94535
94538
94541
94544
94547
94560
94575
94601
94604
94616
94619
94679
94682
94747
94760
94768
94771
94774
94879
94882
94885
94896
94934
94937
94989
94992
94995
95034
95037
95107
95130
95153
95156
95159
95255
95258
95285
95288
95291
95315
95318
95347
95390
95403
95407
95442
95445
95463
95466
95515
95556
95559
95637
95645
95657
95660
95709
95721
95757
95769
95772
95777
95780
95785
95795
95902
95924
95927
95938
95941
95944
95976
95979
96022
96030
96033
96102
96112
96120
96123
96126
96130
96133
96136
96139
96142
96150
96161
96165
96171
96190
96194
96206
96209
96218
96221
96224
96242
96266
96269
96272
96279
96282
96317
96320
96332
96335
96342
96345
96348
96378
96489
96492
96528
96548
96559
96579
96589
96592
96603
96634
96637
96646
96649
96655
96671
96674
96689
96692
96695
96698
96701
96704
96729
96733
96736
96739
96742
96747
96756
96759
96762
96765
96795
96798
96801
96805
96808
96811
96815
96818
96821
96946
96949
96952
96956
96959
96962
96965
96969
96972
97006
97009
97012
97015
97018
97021
97024
97027
97030
97033
97036
97039
97043
97046
97049
97063
97066
97129
97132
97147
97153
97162
97165
97168
97180
97183
97277
97319
97383
97405
97408
97411
97456
97459
97463
97466
97469
97496
97499
97502
97533
97541
97544
97561
97564
97567
97605
97609
97612
97617
97625
97628
97631
97652
97678
97681
97716
97757
97793
97797
97800
97803
97806
97810
97813
97852
97869
97872
97875
97878
97882
97885
97888
97891
97894
97898
97901
97904
97907
97916
97919
97922
97934
97937
97940
97965
97968
97983
97990
97996
97999
98020
98065
98068
98110
98113
98130
98269
98272
98283
98286
98310
98313
98326
98337
98343
98346
98350
98353
98356
98360
98365
98386
98389
98397
98405
98423
98426
98475
98478
98481
98484
98487
98490
98493
98496
98499
98502
98505
98508
98511
98514
98517
98520
98524
98527
98530
98538
98541
98560
98563
98566
98569
98572
98575
98578
98581
98584
98588
98591
98594
98597
98600
98603
98614
98617
98621
98624
98634
98640
98653
98656
98687
98690
98710
98713
98716
98719
98722
98725
98728
98740
98746
98749
98772
98775
98778
98781
98786
98789
98792
98795
98798
98836
98839
98857
98860
98933
98936
98939
98947
98950
98974
98977
98986
99002
99024
99028
99031
99062
99065
99093
99096
99099
99218
99221
99224
99264
99268
99272
99275
99278
99282
99285
99306
99309
99317
99320
99325
99328
99334
99337
99433
99485
99488
99493
99505
99581
99584
99588
99646
99811
99880
99883
99888
99891
99968
100083
100086
100089
100509
100512
100515
100608
100611
100704
100707
100710
100724
100727
100730
100733
100736
100751
100782
100786
100812
100849
100863
100959
100968
100971
100979
100982
100986
100989
100992
100995
101074
101077
101080
101096
101099
101102
101115
101118
101121
101133
101139
101142
101146
101149
101152
101155
101158
101161
101166
101169
101174
101177
101180
101194
101197
101200
101203
101209
101212
101215
101218
101221
101252
101255
101258
101261
101264
101267
101270
101326
101329
101332
101335
101338
101371
101374
101377
101380
101383
101386
101389
101404
101418
101421
101424
101427
101430
101433
101436
101439
101466
101469
101472
101475
101478
101481
101484
101487
101941
101944
101973
101976
101979
101982
102016
102039
102337
102505
103079
103126
103129
103132
103147
103150
103153
103164
103167
103195
103198
103225
103232
103248
103324
103336
103355
103367
103370
103374
103387
103476
103479
103497
103500
103506
103509
103517
103520
103841
103844
103847
104709
104863
104866
104869
104872
104875
104878
104881
104884
104887
104890
104893
104896
104907
104910
104913
104917
104920
104923
104926
104929
104932
104955
104982
104985
105010
105016
105019
105022
105025
105028
105038
105064
105132
105244
105266
105300
105811
105967
105970
106011
106014
106026
106057
106060
106117
106120
106368
106371
106388
106395
106402
106456
106519
106554
106603
106783
106786
106789
106814
106822
106922
106925
106932
106940
106962
106965
106968
107010
107013
107038
107068
107095
107098
107101
107106
107109
107115
107118
107132
107135
107146
107151
107214
107217
107220
107223
107226
107229
107232
107235
107238
107241
107244
107247
107250
107253
107256
107259
107262
107265
107268
107271
107274
107277
107280
107283
107286
107289
107293
107296
107310
107313
107316
107320
107323
107326
107338
107379
107382
107385
107388
107393
107396
107399
107402
107405
107408
107411
107414
107417
107420
107425
107428
107447
107450
107453
107456
107460
107463
107466
107469
107472
107475
107478
107481
107629
107632
107809
107812
107815
107818
107821
107833
107836
107839
107842
108067
108263
108275
108278
108281
108284
108287
108290
108293
108296
108459
108462
108465
108468
108471
108474
108477
108480
108483
108497
108500
108503
108805
108808
108879
108882
108990
109512
109515
109608
109672
109753
109756
109759
109764
109767
109780
109783
109786
109789
109792
109795
109798
109801
109804
109807
109810
109813
109817
109820
109823
109983
111205
111208
112687
112690
112693
112696
112699
112703
114123
114126
114301
114304
114307
114342
114345
115003
115123
116504
116507
116511
116514
117999
118002
118005
118031
118034
119641
119644
119647
119650
119653
119656
120882
121080
121083
121778
121781
121784
121787
121970
122104
122107
122110
122824
122827
122863
122866
122869
122872
122875
124514
124774
124780
124783
124969
124972
125673
125676
125679
125682
125687
125690
125716
125852
125855
125858
125861
125864
125867
125870
126020
126023
126026
126029
126050
126053
126056
126059
126062
126065
126068
126071
126074
126110
126113
126116
126119
126122
126291
126628
126774
126851
126856
126859
126862
126865
126868
126871
126874
127684
128379
128382
128739
128742
130746
130749
130752
130945
130948
131795
131798
131801
131805
131808
131811
132132
132532
132535
132538
132781
132784
132787
132790
132793
132860
132863
132866
132891
132894
132897
132900
133468
133471
133474
133553
133556
133559
134418
134421
134424
134432
134435
135024
135027
135380
135383
135541
135544
135547
135662
135795
135909
135912
135961
136121
136124
136127
136130
136133
136267
136456
136459
136462
136685
136689
136692
136974
136977
137063
137132
137135
137138
137141
137144
137147
137543
137546
138246
138249
138252
138255
138543
138547
138550
138657
138660
138663
138666
138669
138889
138892
138895
138898
138901
139540
139543
139546
139549
139552
139555
139558
139561
139564
139637
139947
139950
139953
139956
140508
140624
140627
140630
140633
140636
140639
140642
140647
140834
140837
140951
140954
140957
140960
141143
141146
141149
141152
141155
141158
141161
141164
141167
141170
141300
141303
141325
141328
141331
141334
141337
141340
141826
141829
141832
141835
141880
141899
141921
141936
141978
141981
142381
142384
142387
142404
142407
142445
142450
142453
142456
142459
142491
142494
142559
142612
142616
142619
142622
142625
142633
142644
142648
142651
142697
142721
142775
142798
142909
142912
142918
143025
143035
143068
143164
143167
143170
143196
143205
143255
143258
143261
143264
143267
143270
143273
143276
143552
143555
143558
146305
146308
146311
146314
146317
146320
146323
146326
146329
146332
146335
146338
146341
146344
146347
146352
146361
146364
146367
146370
146373
146376
146379
146382
146385
146404
146407
146410
146413
146416
146419
146422
146425
146428
146431
146435
146438
146441
146444
146447
146476
146479
146490
146515
146518
146521
146524
146527
146530
146533
146536
146539
146542
146545
146548
146551
146554
146557
146560
146563
146566
146569
146572
146618
146621
146624
146627
146630
146633
146636
146639
146642
146645
146648
146651
146665
146668
146672
146675
146678
146681
146813
146816
146877
146880
146883
146887
146905
146945
146993
147048
147089
147092
147095
147128
147135
147138
147144
147147
147281
147284
147287
147448
147451
147468
147471
147938
148015
148053
148056
148060
148164
148167
148188
148337
148340
148344
148347
148540
148799
148802
148806
148809
148812
149294
149297
149300
149303
149404
149412
149464
149502
149505
149521
149524
149527
149530
149533
149536
149605
149653
149656
149742
149820
149985
149988
150073
150076
150277
150281
150284
150287
150294
150297
150302
150305
150308
150311
150314
150317
150320
150323
150326
150329
150332
150335
150340
150345
150353
150357
150360
150363
150405
150426
150430
150433
150454
150491
150523
150526
150618
150622
150625
150655
150658
150674
150728
150731
150818
150832
150882
150885
150960
151046
151411
151719
151774
151777
151784
151787
151851
151854
151857
152049
152053
152076
152079
152136
152455
152473
152621
152624
152662
152665
152714
152772
152775
152796
152893
152896
152936
152993
152997
153002
153068
153168
153171
153222
153252
153309
153556
153581
153611
153614
153750
153753
153756
153759
153762
153765
153768
153771
153774
153778
153782
153991
153994
154019
154023
154026
154036
154039
154042
154045
154142
154145
154174
154177
154200
154203
154206
154209
154217
154220
154223
154240
154243
154246
154346
154349
154352
154355
154358
154361
154364
154431
154439
154442
154457
154635
154824
154827
154830
154833
154836
154839
154843
154846
154849
154852
154855
154858
154861
154864
154867
155004
155007
155010
155014
155017
155041
155044
155065
155094
155097
155100
155142
155145
155173
155209
155247
155250
155262
155294
155386
155456
155495
155510
155513
155516
155519
155528
155531
155573
155576
155579
155585
155643
155646
155649
155655
155671
155674
155677
155726
155751
155755
155765
155768
155771
155774
155777
155780
155803
155879
155892
155912
155942
155999
156002
156005
156008
156030
156063
156074
156077
156080
156089
156099
156102
156136
156139
156192
156195
156198
156228
156231
156241
156255
156258
156309
156317
156348
156375
156416
156458
156467
156470
156473
156557
156560
156563
156603
156606
156609
156639
156642
156811
156814
156827
156830
156879
156884
156887
156991
157002
157053
157062
157105
157163
157174
157177
157181
157195
157317
157351
157358
157361
157392
157395
157398
157442
157446
157456
157459
157477
157496
157508
157511
157520
157530
157533
157539
157542
157545
157587
157620
157623
157634
157642
157647
157659
157735
157768
157773
157800
157803
157830
157833
157844
157847
157851
157854
157929
157956
157959
158014
158017
158162
158165
158206
158230
158246
158261
158272
158275
158310
158313
158316
158331
158334
158338
158341
158359
158369
158372
158375
158378
158381
158384
158387
158398
158401
158404
158407
158505
158508
158511
158514
158517
158520
158523
158526
158538
158548
158568
158571
158574
158577
158580
158583
158586
158589
158621
158647
158650
158660
158663
158666
158669
158672
158746
158749
158752
158755
158758
158761
158764
158767
158770
158773
158777
158780
158783
158786
158789
158792
158795
158798
158801
158808
158811
158884
158887
158892
158895
158898
158914
158917
158956
158959
158984
159018
159103
159106
159110
159178
159181
159189
159206
159209
159212
159215
159270
159273
159276
159279
159282
159285
159288
159302
159305
159308
159311
159314
159317
159336
159339
159342
159360
159363
159366
159369
159382
159385
159389
159454
159457
159460
159463
159466
159469
159494
159506
159509
159524
159534
159537
159600
159613
159621
159666
159721
159724
159727
159735
159770
159875
160302
160387
160390
160397
160400
160431
160434
160437
160440
160443
160538
160635
160638
160708
160748
160751
160802
160805
160808
160824
160889
160999
161006
161011
161025
161028
161031
161034
161037
161040
161043
161046
161090
161093
161096
161099
161102
161120
161123
161152
161155
161158
161161
161164
161167
161170
161173
161176
161182
161185
161188
161191
161294
161297
161381
161394
161397
161492
161512
161528
161593
161596
161600
161678
161681
161691
161694
161723
161780
161794
161808
161816
161819
161822
161825
161890
161893
161896
161899
162463
162466
162469
162472
162476
162479
162482
162485
162488
162491
162498
162501
162504
162661
162664
162752
162755
162758
162761
162764
162774
162777
162809
162812
162815
162820
162827
162830
162833
162843
162892
162895
162898
162901
162928
162931
162934
162937
162954
162957
162960
163006
163009
163012
163015
163021
163024
163033
163036
163039
163042
163145
163148
163151
163154
163228
163389
163600
163603
163612
163615
163630
163738
163904
163907
163910
163920
163923
163938
163941
163964
163967
163977
163980
163983
164017
164020
164026
164077
164081
164124
164127
164132
164135
164140
164143
164231
164234
164251
164254
164266
164288
164293
164308
164314
164318
164341
164344
164375
164378
164381
164389
164413
164416
164436
164469
164477
164480
164515
164518
164528
164534
164580
164591
164594
164621
164638
164641
164673
164676
164696
164714
164779
164802
164871
164887
164892
164954
164958
164970
164973
165001
165071
165130
165193
165196
165199
165202
165205
165208
165211
165214
165251
165285
165330
165334
165424
165427
165430
165433
165436
165439
165442
165450
165453
165456
165469
165472
165475
165513
165516
165519
165522
165539
165542
165548
165551
165554
165564
165567
165588
165591
165594
165598
165623
165643
165652
165655
165659
165662
165673
165678
165681
165684
165687
165693
165696
165728
165841
165844
165854
165857
165936
165968
165985
165997
166020
166027
166044
166211
166278
166281
166284
166287
166290
166293
166296
166306
166309
166312
166341
166344
166347
166350
166353
166375
166387
166390
166393
166406
166422
166492
166497
166534
166537
166544
166547
166550
166553
166556
166559
166563
166566
166569
166586
166594
166597
166600
166603
166606
166804
166807
166810
166828
166831
166855
166858
166943
166946
166967
166988
167005
167008
167011
167014
167018
167038
167041
167071
167107
167184
167187
167238
167241
167254
167262
167271
167318
167321
167332
167339
167346
167365
167370
167386
167389
167408
167411
167414
167417
167455
167462
167465
167493
167496
167511
167533
167545
167548
167554
167557
167560
167582
167601
167632
167654
167667
167672
167675
167678
167681
167684
167687
167690
167693
167696
167702
167705
167708
167712
168269
168272
168275
168278
168289
168292
168295
168298
168340
168343
168346
168349
168352
168362
168365
168368
168388
168392
168400
168403
168443
168446
168494
168509
168539
168552
168576
168588
168637
168732
168745
168769
168773
168776
168780
168783
168869
168877
168880
168933
168937
169008
169011
169024
169051
169054
169083
169297
169301
169304
169307
169310
169313
169316
169319
169322
169325
169351
169356
169359
169390
169413
169465
169498
169501
169504
169507
169510
169513
169516
169519
169522
169525
169529
169532
169535
169567
169586
169589
169592
169653
169656
169667
169695
169730
169733
169736
169739
169751
169756
169759
169785
169799
169922
169925
169928
170112
170115
170118
170143
170146
170272
170313
170322
170325
170338
170348
170351
170355
170384
170398
170419
170422
170431
170434
170465
170468
170471
170810
170840
170875
170930
171000
171077
171080
171084
171096
171099
171107
171110
171113
171116
171119
171125
171138
171141
171144
171147
171150
171153
171156
171159
171162
171165
171200
171203
171242
171300
171337
171343
171361
171367
171370
171382
171414
171417
171420
171470
171473
171502
171505
171508
171512
171574
171577
171580
171583
171586
171589
171592
171638
171641
171651
171654
171666
171679
171682
171685
171697
171700
171764
171767
171786
171789
171859
171862
171869
171884
171889
171898
171901
171904
171926
171929
171932
171984
171987
172040
172043
172046
172049
172052
172057
172060
172066
172069
172072
172075
172081
172084
172153
172185
172188
172191
172229
172284
172324
172327
172330
172333
172336
172339
172363
172366
172409
172412
172424
172449
172482
172490
172493
172526
172529
172545
172548
172565
172568
172571
172610
172617
172633
172670
172673
172688
172762
172780
172783
172786
172789
172792
172795
172798
172811
172814
172817
172840
172843
172846
172857
172861
172873
172876
172884
172887
172890
172893
172896
172899
172902
172905
172908
172911
172914
172950
172966
172969
172979
173008
173019
173022
173075
173277
173471
173474
173477
173883
173886
173892
173895
173921
173924
174134
174137
174146
174149
174234
174237
174288
174291
174342
174350
174428
174458
174461
174471
174505
174512
174561
174579
174593
174686
174710
174725
174728
174731
174734
174738
174741
174815
174819
174840
174888
174891
174907
174953
174959
174963
174973
174986
175001
175020
175078
175081
175102
175114
175145
175149
175152
175185
175197
175200
175235
175240
175243
175263
175273
175276
175279
175282
175291
175294
175297
175378
175381
175384
175387
175390
175777
175842
175909
175912
175972
175975
175985
176117
176128
176185
176203
176225
176413
176423
176450
176470
176479
176488
176491
176494
176513
176516
176525
176528
176531
176534
176537
176822
176825
176828
176831
176845
176860
176892
176929
176975
176985
176988
177017
177029
177047
177051
177054
177057
177060
177067
177076
177079
177098
177129
177133
177291
177325
177334
177340
177344
177353
177364
177375
177381
177384
177387
177394
177399
177403
177407
177430
177433
177436
177439
177584
177604
177607
177644
177648
177717
177720
177723
177726
177807
177830
177872
177875
177878
177881
177888
177908
177911
177925
177928
177941
177954
178028
178047
178050
178184
178189
178197
178202
178232
178266
178296
178303
178320
178323
178326
178329
178332
178535
178557
178560
178579
178630
178785
178791
178809
178816
178838
178847
178850
178861
178868
178937
178953
179008
179077
179080
179083
179086
179089
179092
179190
179619
179622
179625
179628
179631
179827
180018
180021
180024
180027
180030
180033
180530
180539
180542
180545
180554
180557
180560
180563
180566
180569
180572
180575
180578
180581
180584
180587
180590
180593
180599
180602
180609
180612
180615
180677
180680
180683
180686
180696
180699
180877
180930
180933
180938
180941
180944
180947
180950
180953
181024
181041
181051
181054
181057
181060
181066
181073
181076
181087
181095
181107
181159
181222
181259
181268
181271
181286
181305
181309
181312
181315
181318
181365
181369
181372
181375
181403
181406
181409
181460
181486
181489
181492
181500
181503
181507
181527
181569
181609
181664
181722
181725
181816
181832
181835
181838
181841
181844
182082
182187
182201
182247
182955
183375
183412
184756
185086
185250
185300
185366
185489
185630
185642
185700
185746
185749
186934
187037
187082
187122
187394
187402
187405
187434
187437
187449
187526
187596
187599
187602
187734
187738
188046
188108
188111
188142
188235
188536
188539
188676
188679
188791
188889
189566
189855
189981
189984
190149
190219
190443
190446
190449
190452
190455
190458
190461
190464
190479
190482
190485
190488
190491
190494
190503
190560
190609
190612
190615
190618
190621
190624
190627
190630
190643
190646
190649
190654
190657
190660
190663
190672
190675
190678
190681
190684
190687
190690
190693
190696
190709
190712
190718
190721
190731
190737
190747
190750
190753
190756
190767
190770
190773
190776
190779
190782
190785
190788
190791
190795
190823
190843
190846
190849
190897
190944
191286
191495
191561
191564
191567
191576
191589
191592
191792
191999
192110
192113
192117
192122
192125
192128
192131
192134
192137
192140
192143
192146
192149
192180
192183
192270
192273
192296
192299
192311
192314
192317
192320
192323
192326
192329
192333
192336
192339
192342
192345
192373
192376
192379
192382
192385
192388
192391
192394
192397
192400
192403
192406
192409
192426
192429
192433
192436
192439
192442
192445
192480
192483
192486
192489
192598
192673
192676
192716
192719
192774
192777
192780
192783
192819
192822
192842
192869
193052
193055
193062
193065
193069
193072
193075
193091
193094
193157
193160
193275
193278
193367
193370
193376
193379
193382
193385
193388
193418
193421
193425
193428
193431
193434
193437
193440
193443
193446
193449
193452
193455
193458
193461
193859
193862
193872
193875
193878
193881
194990
194993
194996
194999
195005
195008
195011
195014
195018
195021
195024
195027
195030
195033
195036
195039
195752
195755
196311
196314
196318
196321
196324
196327
196330
196352
196469
196503
196558
196599
196617
196620
196623
196626
196630
196633
196640
196677
196680
196683
196691
196694
196697
196701
196704
197066
197069
197274
197290
197293
197480
197483
197486
197489
197492
197720
197723
197726
197729
197811
197814
197817
197820
197825
197828
197831
197834
197837
197840
197843
197846
197849
197852
197855
197858
197861
197868
197871
197874
197877
197880
197883
197886
197889
197892
197895
197900
197944
197947
197950
197953
197956
197959
197962
197965
197968
198096
198099
198102
198575
198578
198581
198809
198812
198816
198819
198822
200547
200550
200553
200556
200560
200563
200566
200569
200572
200575
200578
200582
200585
200588
200591
200594
200597
200600
200670
200673
200732
201326
201329
201332
201335
201338
201342
201345
201348
201351
201354
201357
201360
201363
201366
201369
201393
201905
204544
205114
205117
205180
205974
206056
206061
206064
206067
206070
206216
206220
206223
206649
206652
206655
207063
207066
209998
210003
210676
210679
210682
210688
210691
210694
210697
211152
211155
211517
211606
211614
212329
212332
212335
212338
212547
212550
212553
212556
212675
212967
212970
213111
213347
213350
213353
213356
213404
213407
213633
213636
213639
213642
213645
213648
213713
214015
214018
214548
214553
214556
214559
214562
214839
214843
214846
214849
214852
215426
215437
215440
215443
215478
215481
215496
215499
215502
215505
215508
215511
215514
215517
215520
215523
215527
215544
216053
216056
216059
216069
216341
216344
216358
216361
216364
216367
216370
216373
216376
216396
216509
216553
216556
216559
216562
216565
216568
216571
216574
216577
216581
216716
216719
216722
216725
216728
216755
216758
216836
216858
216912
216934
217020
217023
217026
217035
217038
217041
217044
217047
217050
217134
217143
217146
217149
217152
217155
217158
217161
217164
217167
217170
217173
217176
217209
217224
217232
217506
217553
217718
217721
217724
218311
218314
218317
218320
218325
218328
218331
218334
218692
218695
218699
218702
218705
218708
218721
218724
218727
218750
218753
218817
218823
218828
218860
218868
218871
218874
218891
218921
218924
218952
218955
218958
219014
219069
219072
219075
219085
219093
219096
219099
219116
219130
219185
219188
219205
219208
219217
219240
219252
219255
219258
219287
219364
219371
219374
219380
219383
219387
219390
219393
219396
219400
219403
219406
219409
219412
219415
219418
219421
219433
219436
219452
219508
219511
219683
219858
219861
219864
220246
220249
220252
220255
220258
220261
220264
220267
220270
220273
220276
220279
220282
220297
220300
220851
220854
220857
220860
220863
220866
220869
220889
220892
220895
221093
221096
221193
221196
221206
221211
221214
221223
221226
221229
221240
221243
221246
221249
221252
221257
221260
221329
221501
221504
221507
221539
221542
221545
221559
221696
221709
221819
221822
222188
222191
222194
222197
222246
222249
222817
222820
222823
223239
224439
224702
224705
224848
224935
224940
224943
225366
225369
225488
225498
225501
225782
225785
225788
225869
226132
226935
226938
226973
227216
227436
227446
227449
227452
227793
227796
227799
228331
228334
228337
228471
228580
228594
228597
228600
228603
228640
228720
228723
228726
228729
228732
229040
229128
229284
229448
229451
229454
230752
230755
230838
230841
230844
230847
231188
231191
231670
231673
231676
231679
231682
231685
231689
231692
231796
231799
231802
231805
231808
231811
231814
231871
231912
231915
232008
232611
232614
232617
232704
232746
232749
232774
233714
233717
233720
233910
233913
233916
233919
233927
233930
233939
234033
234098
234102
234105
234109
234112
234115
234397
234400
234457
234460
234463
234466
234469
234521
234524
234527
234530
234585
234609
234622
234679
234682
234698
234701
234704
234707
234744
234747
234750
234753
234756
234759
234762
234765
234768
234771
234774
234801
234804
234807
234810
235888
235891
235894
235897
235900
235903
235906
235909
235919
235922
235925
235928
235931
235934
235937
235940
235943
235946
235949
235952
235955
235958
235961
235964
235968
235971
235974
235977
235980
235983
235986
235989
235992
235995
235998
236001
236004
236007
236010
236013
236016
236019
236034
236038
236041
236044
236047
236050
236053
236056
236061
236064
236098
236107
236110
236115
236118
236122
236125
236128
236131
236174
236190
236193
236196
236254
236257
236260
236263
236271
236274
236277
237208
237211
237214
237221
237224
237227
237272
237275
237278
237301
237304
237309
237312
237315
237318
237321
237324
237672
237756
237759
237762
237787
237790
237793
237796
237965
237968
237994
237997
238109
238250
238253
238319
238464
238469
238487
238490
238525
238547
238550
238562
238565
238589
238592
238595
238620
238623
238644
238679
238682
238685
238988
238991
239068
239081
239167
239209
239216
239219
239289
239344
239364
239404
239487
239490
239508
239520
239550
239554
239602
239634
239637
239640
239647
239679
239683
239686
239689
239725
239728
239731
239766
239769
239812
239821
239824
239827
239830
239833
239836
239854
239857
239860
239863
239866
239873
239876
239879
239953
239956
239959
239962
239965
240086
240089
240092
240329
240332
240335
240338
240407
240576
240579
240582
241171
241174
241177
241180
241255
241258
241261
241301
241305
241308
241353
241356
241359
241362
241371
241374
241377
241380
241553
241579
241604
241693
241696
241706
241720
241743
241761
241764
241774
241777
241837
241861
241874
241919
241992
241995
242006
242126
242251
242293
242322
242402
242546
242666
242877
242940
243088
243130
243133
243165
243170
243173
243176
243179
243182
243193
243196
243199
243202
243205
243220
243223
243226
243919
244048
244051
244065
244068
244071
244076
244080
244119
244122
244133
244138
244150
244184
244241
244253
244261
244264
244341
244347
244371
244374
244471
244545
244565
244600
244652
244692
244832
244864
244934
244941
244954
244957
244960
244963
244975
244978
245000
245003
245006
245009
245037
245040
245043
245046
245049
245083
245176
245179
245182
245197
245200
245203
245206
245210
245213
245220
245223
245226
245229
245232
245235
245238
245241
245244
245247
245250
245253
245261
245264
245267
245274
245277
245280
245283
245311
245314
245341
245344
245347
245389
245393
245396
245436
245439
245455
245458
245492
245502
245531
245534
245537
245552
245555
245576
245582
245601
245604
245633
245636
245639
245647
245650
245671
245675
245679
245690
245693
245702
245723
245809
245824
245833
245836
245839
245853
245880
245883
245915
245918
245932
245935
245938
245941
245957
245960
245980
246010
246013
246063
246201
246219
246245
246248
246256
246259
246421
246492
246495
246568
246579
246602
246635
246675
246699
246703
246706
246718
246721
246724
246727
246730
246763
246810
246816
246819
246822
246825
246828
246831
246836
246839
246843
246849
246852
246890
246938
246941
246944
246959
246962
246965
246971
246981
246986
247025
247028
247068
247081
247119
247122
247125
247128
247185
247191
247228
247250
247258
247268
247295
247312
247315
247339
247342
247345
247409
247460
247482
247485
247488
247491
247494
247502
247510
247514
247517
247520
247544
247547
247552
247555
247558
247561
247564
247571
247574
247577
247580
247636
248124
248129
248132
248142
248145
248505
248508
248511
248524
248532
248582
248593
248765
248768
248771
248775
248787
248790
248799
248802
248805
248831
248836
248849
248867
248918
248921
248985
248988
249012
249015
249025
249028
249031
249034
249041
249044
249048
249051
249054
249057
249089
249092
249095
249098
249101
249104
249107
249132
249160
249163
249166
249190
249193
249196
249211
249239
249242
249268
249271
249274
249277
249307
249343
249346
249349
249412
249415
249418
249421
249424
249533
249536
249539
249542
249545
249549
249604
249607
250133
250157
250162
250165
250168
250171
250178
250181
250188
250236
250242
250265
250292
250296
250309
250318
250321
250324
250327
250330
250333
250338
250429
250432
250435
250438
250441
250444
250508
250511
250514
250517
250525
250528
250531
250534
250540
250543
250572
250575
250578
250629
250747
250783
250806
250809
250812
250816
250819
250823
250830
250833
250851
250854
250928
250945
250948
251198
251537
251556
251613
251616
251683
251700
251721
251744
251791
251827
251837
251842
251848
251884
251953
252097
252100
252135
252161
252220
252265
252367
252419
252505
252508
252791
252847
252976
253002
253064
253085
253098
253104
253150
253169
253191
253259
253433
253437
253441
253444
253447
253450
253461
253472
253483
253533
253536
253654
253688
253701
253704
253741
253815
253832
253838
253859
253865
254032
254048
254071
254092
254125
254129
254132
254149
254152
254354
254376
254381
254384
254399
254403
254406
254438
254496
254506
254574
254577
254675
254678
254715
254726
254737
254740
254840
254965
254979
255059
255062
255098
255101
255111
255114
255176
255179
255199
255205
255208
255245
255258
255279
255282
255356
255378
255381
255473
255488
255491
255494
255609
255612
255641
255790
255795
255803
255806
255809
255812
255815
255818
255821
255824
255827
255862
255865
255868
255871
255875
255878
255881
255884
255887
255916
255925
255969
255972
255976
255979
255982
255994
255997
256000
256006
256015
256018
256026
256029
256032
256037
256040
256043
256073
256076
256082
256085
256088
256093
256096
256099
256141
256144
256147
256156
256164
256167
256170
256206
256218
256251
256254
256284
256319
256322
256359
256435
256438
256441
256444
256447
256450
256453
256456
256459
256469
256542
256548
256551
256564
256577
256586
256589
256600
256603
256606
256648
256674
256753
256758
256817
256828
256831
256895
256898
256901
256941
257030
257059
257112
257269
257272
257316
257352
257355
257358
257377
257386
257390
257396
257430
257433
257490
257493
257522
257534
257537
257556
257562
257572
257581
257584
257589
257601
257604
257607
257617
257620
257628
257631
257642
257645
257664
257667
257674
257682
257685
257691
257697
257730
257847
257850
257908
257962
257965
258034
258084
258087
258204
258207
258216
258219
258222
258225
258228
258231
258234
258240
258243
258246
258249
258254
258257
258260
258263
258271
258274
258277
258280
258283
258286
258289
258293
258296
258299
258302
258305
258308
258314
258374
258377
258380
258397
258438
258441
258455
258458
258552
258555
258614
258620
258639
258648
258651
258683
258690
258707
258715
258731
258766
258789
258801
258825
258828
258899
258903
258934
258937
258940
258943
258946
258950
258995
259023
259026
259071
259074
259134
259137
259144
259152
259155
259220
259223
259229
259232
259265
259288
259304
259355
259358
259378
259381
259399
259476
259494
259548
259564
259567
259570
259635
259940
259943
259946
259971
260068
260071
260128
260132
260135
260138
260221
260224
260229
260232
260256
260259
260342
260372
260375
260505
260508
260516
260519
260533
260539
260542
260579
260606
260750
260959
260962
260968
260971
261070
261073
261079
261082
261090
261100
261149
261153
261156
261165
261168
261173
261176
261179
261220
261227
261233
261246
261263
261268
261271
261274
261287
261299
261308
261312
261331
261360
261363
261376
261379
261382
261390
261393
261397
261427
261439
261451
261498
261501
261504
261515
261518
261527
261530
261568
261572
261583
261586
261593
261596
261599
261612
261619
261623
261631
261634
261658
261661
261664
261667
261672
261675
261699
261722
261749
261752
261755
261758
261800
261803
261806
261834
261837
261840
261843
261847
261850
261853
261856
261859
261862
261865
261868
261884
261887
261890
261899
261920
261923
261926
261929
261951
261954
262025
262028
262033
262037
262040
262047
262061
262064
262067
262197
262252
262282
262308
262337
262348
262351
262354
262357
262360
262399
262402
262405
262408
262411
262414
262417
262420
262423
262426
262429
262432
262437
262440
262444
262447
262450
262453
262456
262459
262462
262466
262469
262472
262475
262478
262481
262500
262538
262618
262621
262624
262633
262636
262645
262648
262953
262956
262960
263007
263010
263013
263016
263019
263022
263025
263028
263723
263726
263831
263834
263840
263843
263862
263950
263953
263956
263966
263969
263972
263975
263978
263981
263984
263987
263990
263993
263996
264279
264282
264745
264943
265095
265220
265223
265226
265229
265232
265235
265238
265264
265287
265290
265293
265296
265299
265302
265305
265308
265311
265314
265365
265368
265371
265374
265475
265481
265589
265592
265595
265598
265601
265604
265607
265610
265613
265654
265658
265666
265701
265765
265778
265788
265821
265824
265827
268140
268143
268146
268149
268152
268155
268158
268161
268171
268188
268264
268267
268311
268558
268561
268571
268574
268598
268644
268647
268681
268684
268687
268706
268716
268719
268722
268725
268729
268732
268832
268861
268873
268911
268914
268931
269061
269129
269139
269142
269168
269171
269714
269751
269754
269757
269760
269763
269766
269769
269777
269780
269797
269800
269803
269806
269809
269812
269815
269818
269821
269824
269827
269853
269856
269859
269900
269903
269906
269991
269994
269997
270000
270003
270006
270009
270012
270015
270020
270023
270026
270030
270033
270036
270039
270046
270049
270053
270059
270062
270065
270070
270073
270077
270080
270083
270096
270107
270110
270113
270117
270120
270124
270127
270130
270133
270136
270147
270150
270153
270156
270159
270162
270165
270169
270172
270175
270178
270181
270184
270187
270190
270193
270196
270201
270204
270207
270210
270213
270216
270219
270222
270225
270228
270231
270234
270237
270240
270243
270246
270259
270262
270615
270621
270624
270627
270630
270633
270658
270661
270664
270667
270670
270673
270676
270679
270693
270700
270703
270706
270709
270712
270715
270718
270721
271028
271031
271040
271043
271046
271049
271052
271055
271058
271061
271064
271099
271317
271353
271375
271459
271835
271838
271841
271844
272071
272074
272077
272080
272248
272315
272318
272321
272324
272327
272330
272333
272336
272343
272346
272349
272352
272355
272358
272362
272365
272368
272371
272374
272377
272380
272489
272492
272495
272498
272501
272504
272507
272510
272513
273033
273068
273071
273074
273077
273081
273085
273088
273091
273094
273097
273100
273103
273110
273113
273116
273119
273122
273127
273130
273134
273137
273140
273143
273146
273149
273152
273155
273192
273319
273322
273325
273328
273331
273334
273337
273377
273494
273578
273589
273592
273595
273598
273832
273835
273838
273841
273844
273847
273850
273863
273866
273869
273888
273895
273898
273901
273909
273913
273919
273949
273952
273956
273959
273999
274002
274005
274008
274011
274014
274021
274024
274092
274175
274178
274222
274225
274228
274231
274234
274315
274360
274418
274482
274635
274931
274990
274993
274996
274999
275002
275005
275516
275519
275522
275525
275528
275531
275534
275537
275540
275566
275623
275626
275629
275632
275635
275639
275651
275678
275708
275711
275714
275717
275720
275723
275726
275729
275732
275741
275757
275800
275803
275956
275959
275975
275978
276090
276130
276133
276143
276157
276160
276179
276203
276206
276222
276225
276246
276264
276270
276273
276278
276281
276287
276320
276324
276327
276353
276356
276371
276399
276416
276420
276619
276622
276627
276705
276708
276745
276750
276753
276771
276775
276795
276798
276829
276832
276835
276838
276841
276844
276847
276850
276853
276856
276859
276862
276865
276868
276871
276874
276877
276880
276883
276886
276889
276892
276897
276900
276903
276918
276921
276926
276946
276949
276952
276963
276966
276969
276972
276992
277008
277011
277030
277033
277036
277039
277042
277051
277054
277057
277060
277063
277066
277069
277072
277079
277082
277087
277094
277098
277105
277111
277116
277119
277122
277125
277128
277131
277134
277137
277140
277143
277147
277162
277168
277172
277175
277178
277183
277186
277190
277203
277225
277234
277237
277240
277244
277254
277261
277264
277267
277274
277277
277283
277288
277295
277298
277301
277304
277307
277310
277318
277321
277325
277329
277343
277346
277349
277352
277355
277361
277371
277374
277377
277380
277391
277395
277398
277401
277406
277416
277424
277427
277430
277435
277442
277449
277452
277455
277458
277462
277469
277472
277475
277478
277482
277485
277494
277506
277516
277521
277524
277527
277530
277533
277549
277560
277563
277566
277569
277576
277579
277582
277586
277589
277592
277601
277604
277607
277610
277613
277616
277620
277623
277636
277640
277648
277651
277659
277664
277667
277670
277673
277676
277697
277700
277703
277706
277709
277712
277715
277723
277726
277730
277733
277740
277745
277749
277754
277757
277760
277763
277771
277775
277778
277781
277797
277802
277805
277808
277834
277837
277844
277847
277850
277853
277858
277863
277868
277871
277876
277896
277902
277905
277908
277911
277914
277917
277921
277926
277929
277944
277952
277958
277962
277979
277982
277985
277991
277994
277997
278000
278009
278012
278017
278021
278024
278027
278037
278040
278045
278048
278051
278054
278060
278064
278069
278076
278080
278100
278106
278109
278112
278120
278147
278150
278154
278157
278160
278181
278186
278190
278209
278223
278238
278244
278248
278252
278257
278291
278297
278308
278319
278324
278327
278340
278346
278350
278356
278359
278365
278368
278371
278374
278377
278380
278383
278395
278400
278403
278406
278411
278414
278417
278420
278448
278453
278465
278468
278471
278480
278483
278497
278502
278506
278528
278531
278550
278557
278561
278568
278573
278576
278584
278589
278601
278612
278617
278620
278623
278626
278630
278637
278641
278651
278658
278674
278677
278680
278683
278686
278689
278701
278706
278709
278713
278716
278725
278728
278741
278747
278756
278759
278762
278768
278775
278778
278785
278792
278796
278807
278811
278828
278833
278840
278845
278851
278854
278859
278862
278869
278873
278927
278933
278944
278978
278981
278984
279005
279011
279014
279035
279071
279083
279086
279089
279092
279125
279128
279143
279148
279151
279172
279231
279244
279247
279250
279255
279258
279263
279267
279313
279316
279321
279324
279332
279351
279354
279357
279360
279363
279377
279380
279383
279386
279397
279401
279412
279415
279418
279428
279446
279462
279469
279478
279484
279495
279505
279508
279513
279516
279519
279523
279537
279543
279546
279550
279555
279559
279587
279590
279593
279598
279606
279610
279620
279632
279635
279639
279642
279688
279691
279700
279705
279708
279711
279742
279746
279749
279752
279755
279758
279761
279764
279767
279770
279773
279776
279779
279783
279786
279789
279792
279795
279798
279801
279804
279807
279810
279813
279816
279819
279822
279825
279828
279831
279834
279837
279840
279843
279846
279849
279852
279855
279858
279861
279864
279867
279870
279873
279876
279879
279882
279885
279888
279891
279894
279897
279908
279911
279914
279917
279922
279925
279929
279932
279935
279938
279941
279948
279951
279954
279957
280002
280005
280010
280013
280090
280093
280147
280153
280188
280236
280239
280271
280347
280353
280373
280376
280403
280406
280413
280454
280463
280466
280477
280480
280539
280704
280713
280753
280809
280812
280926
280951
280957
280960
280969
280972
280975
280978
280981
280988
280991
280994
280997
281000
281003
281006
281009
281013
281016
281019
281029
281033
281036
281039
281056
281070
281089
281092
281095
281098
281101
281104
281107
281110
281114
281125
281136
281261
281264
281291
281332
281337
281340
281343
281434
281437
281529
281532
281764
281810
281813
281840
281843
281852
281855
281858
281871
281889
281892
281896
281899
281944
282048
282052
282055
282060
282083
282086
282092
282148
282183
282186
282189
282192
282260
282289
282323
282326
282413
282416
282454
282458
282475
282478
282485
282488
282491
282494
282497
282500
282503
282506
282517
282520
282523
282529
282540
282543
282546
282550
282553
282556
282559
282565
282568
282571
282574
282577
282580
282586
282593
282596
282609
282612
282615
282652
282655
282658
282661
282667
282675
282678
282681
282684
282687
282690
282720
282731
282734
282762
282917
282931
282975
283002
283013
283258
283261
283296
283299
283302
283305
283308
283311
283379
283502
283561
283565
283763
283766
283769
283785
283789
283792
283795
283798
283801
283804
283807
283810
283813
283816
283819
283822
283825
283945
283948
283954
283957
283960
284022
284025
284028
284032
284152
284377
284380
284383
284386
284389
284392
284395
284398
284401
284404
284407
284410
284413
284416
284419
284422
284425
284428
284431
284434
284437
284440
284443
284446
284841
284844
285046
285050
285075
285078
285117
285120
285140
285223
285226
285229
285266
285269
285273
285307
285310
285313
285316
285319
285322
285325
285328
285331
285486
286242
286246
286249
286309
286312
286315
286981
286984
288941
288944
288947
288992
288995
288998
289001
289009
289012
289015
289018
290627
290643
290750
290753
290756
290964
290969
290972
291353
291356
291882
291885
292072
292076
292079
292082
292085
292088
292101
292104
292115
292118
292121
292611
292851
292962
292965
292969
293868
293871
294284
294293
294299
294302
294305
294311
294314
294317
294320
294323
294342
294345
294350
294353
295237
295240
295243
295251
295356
295659
295662
295665
296363
296366
296487
296490
296493
296496
296499
296502
296505
296508
296511
296514
296517
296520
296523
296526
296814
296962
296973
297004
297672
297675
297678
297681
297684
298509
298512
298515
298639
298718
298721
298724
298727
298730
298733
298736
298739
298799
298802
298805
298808
298811
298814
298817
298820
298823
298826
298901
298939
298942
298945
299016
299281
299284
299553
299556
300241
300245
300248
300675
300678
300681
301584
301591
301594
301620
301623
301626
301629
301632
301635
301638
301988
302156
302159
302401
302404
302773
302776
302779
302782
302785
302788
303124
303127
303244
303247
303370
303373
303376
303379
303382
303685
303688
303734
304201
304263
304266
304269
304272
304275
304340
304343
304475
304478
304482
304519
304522
304990
304993
304996
305357
305361
305836
305839
307872
307875
307878
307881
307884
307887
307890
307893
308129
308133
308136
308139
308142
308544
308547
308550
308553
308819
308947
308951
308954
308957
309143
309407
309410
309413
309440
309543
309575
309578
309584
309613
309693
309696
309838
309948
309951
309954
310106
310109
310112
310413
310508
310816
310820
310823
310992
310995
310998
311208
311265
311268
311271
311275
311408
311450
311453
311456
311459
311463
311531
311774
311779
311782
311882
311885
312153
312215
312218
312221
312226
312229
312232
312235
312238
312268
312305
312308
312311
312314
312317
312320
312323
312326
312329
313229
313232
313235
313238
313241
313282
313541
313544
313547
313550
313553
313557
313560
313563
313566
313569
313572
313575
313578
313581
313656
313659
313662
314142
314145
314293
314317
314320
314323
314584
314587
314590
314593
316166
316169
316242
316245
316367
316372
316375
316777
316781
316956
316983
316986
316989
316992
316995
317144
317147
317476
317479
317542
317545
317548
317769
317909
317912
317915
318030
318033
318036
318216
318339
318573
318627
318630
318633
318636
318725
318757
318848
318852
318857
318860
318863
318866
318869
318971
318974
318977
318980
318983
319007
319395
319398
319402
319405
319408
319411
319414
319417
319420
319423
319472
319475
319478
319487
319591
319632
319657
319671
319691
319765
319768
319771
319774
319777
319780
319783
319786
319871
319874
319889
319942
319945
320072
320075
320086
320089
320092
320095
320098
320101
320104
320107
320111
320114
320117
320120
320123
320126
320129
320132
320135
320138
320141
320144
320147
320150
320153
320156
320159
320162
320165
320168
320172
320178
321235
321238
321348
321351
321358
321361
321365
321368
321371
321374
321377
321380
321383
321386
321389
321392
321395
321398
321401
321404
321407
321410
321413
321416
321419
321422
321425
321428
321431
321434
321437
321440
321443
321446
321452
321455
321458
321465
321468
321471
321474
321477
321528
321531
321542
321545
321562
321565
321568
321571
321574
321735
321738
321741
321744
321747
321750
321755
321758
321761
321764
321767
321771
321835
321838
321841
321853
321857
321860
321863
321866
321966
321969
321977
321980
321983
321997
322002
322005
322008
322016
322019
322022
322041
322044
322056
322068
322071
322075
322078
322085
322088
322091
322165
322168
322171
322262
322538
322541
322544
322551
322554
322557
322560
322563
322566
322569
322609
322612
322621
322871
322874
322892
322904
322907
322958
322964
322967
323017
323061
323072
323124
323129
323133
323137
323151
323168
323171
323286
323338
323341
323344
323483
323486
323603
323635
323696
323699
323702
323705
323733
323736
323740
323743
323746
323767
323807
323810
323813
323859
323865
323868
323877
323880
323883
323886
323889
323892
323895
323923
323926
324025
324028
324034
324037
324087
324090
324138
324154
324158
324199
324203
324284
324288
324323
324326
324345
324356
324368
324403
324413
324436
324464
324494
324497
324516
324522
324527
324530
324599
324603
324606
324674
324677
324708
324737
324775
324798
324801
324820
324824
324827
324839
324872
324931
324934
324979
324982
324985
325079
325104
325107
325116
325121
325126
325183
325186
325201
325207
325210
325213
325232
325257
325260
325298
325366
325370
325374
325394
325412
325444
325447
325450
325456
325482
325485
325488
325497
325535
325566
325569
325673
325676
325771
325842
325860
325863
325869
325872
325880
325883
325956
325959
325985
325988
326010
326013
326045
326048
326105
326124
326127
326130
326202
326268
326271
326274
326431
326434
326446
326449
326476
326546
326549
326561
326580
326599
326612
326638
326641
326644
326662
326665
326686
326689
326692
326755
326783
326786
326804
326827
326841
326853
326862
326889
326923
326931
326934
326958
326961
327024
327066
327099
327102
327150
327204
327223
327226
327229
327232
327235
327238
327241
327244
327247
327250
327253
327256
327259
327262
327265
327424
327427
327430
327466
327532
327567
327673
327681
327722
327725
327780
327783
327786
327789
327792
327795
327819
327822
327864
327871
327951
327965
328032
328035
328053
328056
328059
328063
328066
328099
328140
328167
328190
328249
328255
328323
328326
328329
328361
328369
328372
328427
328494
328497
328501
328504
328507
328510
328513
328516
328519
328522
328525
328528
328550
328556
328559
328562
328565
328620
328624
328627
328630
328633
328636
328640
328643
328646
328696
328705
328708
328753
328756
328820
328903
328920
328997
329000
329112
329236
329336
329465
329475
329765
329823
329826
329839
329883
329886
329926
329942
329981
329984
330008
330117
330122
330143
330207
330223
330226
330229
330232
330353
330356
330359
330362
330380
330383
330387
330391
330394
330397
330402
330435
330448
330451
330458
330461
330484
330538
330548
330558
330566
330665
330668
330671
330692
330695
330735
330777
330781
330800
330806
330857
330860
330896
330899
330924
330934
330947
330950
331140
331338
331435
331443
331446
331485
331492
331537
331547
331662
331665
331670
331673
331742
331748
331794
331812
331864
331877
331898
331901
331904
331907
331910
331927
331930
331948
331957
331968
331985
332006
332033
332047
332054
332057
332103
332106
332112
332116
332155
332167
332171
332174
332177
332291
332320
332361
332592
332595
332598
332606
332609
332612
332615
332618
332668
332755
332758
332772
332802
332810
332846
332849
332857
332872
332882
332885
332889
332897
332919
332928
332931
332934
332961
332973
332976
332979
332982
332985
332988
332991
332994
332997
333000
333003
333006
333068
333071
333074
333077
333080
333083
333086
333089
333092
333095
333099
333102
333105
333108
333222
333225
333228
333231
333234
333237
333240
333740
333743
333746
333750
333796
333799
333802
333821
333890
333946
334011
334014
334024
334047
334051
334292
334295
334298
334301
334320
334333
334388
334391
334428
334431
334434
334448
334451
334454
334457
334473
334476
334479
334482
334799
334802
334806
335117
335120
335147
335150
335153
335159
335162
335165
335168
335171
335174
335177
335180
335187
335190
335193
335196
335199
335202
335205
335208
335211
335214
335217
335220
335223
335226
335229
335232
335235
335238
335241
335247
335250
335253
335256
335259
335262
335265
335268
335271
335274
335277
335280
335283
335286
335289
335292
335295
335299
335303
335308
335311
335314
335328
335331
335334
335388
335391
335394
335397
335400
335404
335407
335410
335473
335476
335479
335504
335508
335511
335514
335517
335568
335578
335673
335676
335679
335686
335689
335692
335697
335700
335703
335794
335797
335800
335803
335815
335818
335862
335865
335868
335913
336003
336018
336039
336044
336056
336096
336099
336122
336206
336209
336214
336240
336267
336273
336318
336328
336352
336451
336502
336526
336534
336581
336584
336587
336590
336605
336660
336675
336678
336740
336848
336927
336930
336997
337000
337003
337021
337035
337062
337065
337078
337081
337084
337155
337216
337224
337257
337305
337337
337341
337346
337349
337352
337355
337358
337366
337369
337372
337401
337404
337438
337442
337445
337453
337456
337485
337488
337571
337574
337582
337637
337726
337744
337747
337762
337774
337783
337803
337806
337834
337855
337858
337878
337882
337892
337896
337905
337908
337927
337930
337951
337954
337976
337980
337992
337995
338006
338010
338013
338026
338029
338032
338045
338048
338057
338062
338071
338074
338092
338096
338101
338117
338132
338135
338192
338195
338198
338201
338204
338252
338255
338262
338265
338274
338277
338287
338290
338293
338296
338299
338302
338305
338308
338345
338348
338351
338354
338357
338360
338401
338404
338407
338410
338413
338416
338514
338544
338580
338583
338632
338709
338712
338884
338891
338967
338970
338973
338976
339026
339061
339064
339067
339070
339073
339076
339079
339082
339085
339088
339091
339094
339097
339100
339103
339106
339109
339149
339173
339176
339179
339183
339202
339208
339220
339223
339241
339244
339371
339374
339457
339636
339781
339838
339862
339865
339868
339871
339879
339882
339953
339956
339959
339966
339969
339972
339983
339986
339989
339992
339995
339998
340001
340005
340010
340013
340016
