2020_4_29_11_39_57
1
7
10
77
80
83
86
89
92
95
147
154
193
196
199
202
205
208
211
214
218
287
290
346
362
369
398
423
426
435
438
697
730
733
766
769
778
798
820
842
865
918
926
937
974
1026
1036
1118
1201
1445
1527
1530
1536
1581
1622
1637
1645
1648
1651
1654
1657
1669
1672
1675
1678
1681
1684
1687
1690
1693
1696
1699
1702
1711
1718
1721
1731
1734
1781
1788
1791
1794
1801
1812
1815
1843
1881
1884
1887
1890
1893
1896
1899
1925
1928
1946
1949
2073
2082
2085
2088
2091
2094
2097
2100
2103
2106
2131
2175
2201
2204
2213
2216
2240
2243
2326
2414
2417
2420
2527
2530
2559
2562
2584
2595
2598
2601
2619
2707
2710
2713
2716
2720
2738
2741
2776
2779
2789
2792
2801
2804
2808
2811
2823
2826
2829
2860
2863
2867
2870
2873
2876
2879
2882
2885
2889
2892
2896
2899
2902
2908
2911
2923
2926
2929
2950
2953
2956
2959
2962
2965
2968
2971
2974
2978
2982
2993
2996
2999
3006
3022
3025
3028
3031
3034
3037
3054
3057
3064
3067
3070
3073
3085
3089
3092
3095
3136
3139
3142
3145
3154
3301
3365
3439
3522
3525
3791
3794
3797
3800
3834
3837
3840
3915
4139
4147
4150
4153
4156
4164
4172
4222
4230
4268
4271
4274
4277
4280
4284
4287
4290
4293
4375
4378
4381
4384
4387
4390
4393
4450
4582
4585
4588
4591
4594
4597
4600
4612
4615
4619
4648
4651
4654
4663
4670
4676
4679
4682
4690
4693
4696
4699
4702
4705
4712
4715
4718
4726
4729
4736
4739
4753
4756
4759
4762
4765
4773
4776
4779
4782
4785
4788
4791
4794
4797
4806
4809
4812
4815
4823
4827
4830
4846
4861
4864
4867
4870
4873
4876
4879
4882
4897
4900
4908
4911
4914
4917
4920
4982
4985
4992
4999
5002
5005
5008
5011
5052
5069
5072
5137
5164
5221
5254
5303
5306
5321
5328
5331
5409
5412
5465
5486
5491
5505
5531
5642
5645
5650
5666
5688
5691
5694
5700
5730
5744
5748
5771
5816
5826
5879
5882
5885
5938
6014
6017
6098
6101
6104
6107
6131
6134
6147
6177
6181
6306
6309
6333
6337
6340
6357
6377
6380
6383
6386
6428
6431
6434
6437
6483
6486
6510
6513
6549
6567
6579
6592
6679
6682
6685
6708
6711
6714
6717
6720
6723
6726
6729
6732
6735
6738
6814
6817
6820
6825
6859
6862
6881
6884
6887
6890
6893
6896
6899
6902
6905
6920
6924
6927
6939
6988
7032
7083
7120
7123
7126
7169
7172
7176
7179
7194
7197
7229
7232
7258
7261
7299
7365
7381
7410
7492
7537
7542
7545
7601
7649
7652
7655
7685
7688
7700
7729
7739
7742
7745
7748
7751
7754
7759
7762
7765
7771
7774
7783
7786
7789
7792
7795
7798
7801
7804
7807
7810
7820
7911
7923
7976
7979
7991
8017
8021
8024
8043
8046
8049
8052
8094
8097
8100
8103
8106
8109
8113
8116
8119
8122
8125
8128
8131
8173
8205
8209
8212
8218
8221
8271
8274
8299
8302
8331
8334
8337
8340
8343
8346
8349
8495
8498
8609
8615
8618
8627
8634
8652
8656
8659
8662
8672
8675
8679
8682
8685
8688
8691
8694
8714
8717
8734
8743
8746
8760
8770
8825
8831
8848
8886
9010
9013
9016
9029
9032
9035
9038
9041
9044
9076
9079
9132
9135
9216
9433
9436
9540
9590
9647
9737
9740
9750
9865
9936
9940
10006
10009
10013
10016
10054
10057
10060
10071
10074
10291
10294
10428
10431
10448
10471
10481
10489
10492
10495
10498
10532
10535
10538
10573
10576
10621
10627
10745
10882
10906
10909
11027
11030
11056
11062
11148
11151
11160
11163
11166
11169
11172
11175
11178
11181
11207
11210
11241
11301
11353
11356
11628
11636
11656
11684
11691
11694
11700
11760
11802
11805
11808
11811
11816
11842
11891
11894
11897
11927
11930
11933
11936
11939
11942
11969
12039
12045
12048
12065
12431
12440
12553
13223
13242
13303
13390
13393
13401
13429
13523
13661
13759
13762
13765
13768
13771
13775
13779
13782
13785
13792
13795
13843
13846
13849
13863
13868
13871
13876
13879
13882
13886
13894
13897
13901
13904
13911
13916
13919
13928
13931
13934
13946
13966
13969
13972
13983
13986
14063
14066
14069
14072
14075
14078
14239
14242
14245
14284
14307
14310
14313
14387
14406
14422
14518
14600
14611
14624
14816
14920
15018
15056
15059
15062
15065
15094
15101
15104
15133
15137
15140
15153
15156
15159
15165
15170
15173
15176
15225
15246
15300
15303
15306
15309
15312
15315
15318
15327
15330
15333
15336
15347
15350
15353
15359
15362
15366
15369
15492
15495
15498
15501
15504
15507
15510
15513
15516
15519
15522
15525
15528
15531
15534
15537
15540
15543
15560
15603
15606
15609
15612
15615
15623
15626
15629
15633
15636
15639
15642
15652
15655
15658
15661
15664
15681
15684
15687
15719
15722
15725
15731
15734
15737
15740
15745
15749
15754
15758
15761
15764
15772
15791
15795
15799
15808
15811
15824
15828
15831
15834
15837
15840
15847
15857
15868
15872
15878
15885
15888
15893
15897
15919
15925
15955
15960
15963
15966
15969
15972
15975
15978
15981
15984
15987
15990
15993
15996
15999
16002
16005
16008
16012
16015
16018
16021
16024
16027
16030
16033
16036
16039
16042
16045
16048
16052
16055
16058
16061
16064
16067
16077
16081
16084
16087
16090
16093
16096
16100
16103
16107
16110
16113
16116
16119
16122
16125
16128
16131
16134
16137
16140
16143
16146
16149
16152
16159
16172
16175
16178
16181
16184
16187
16190
16193
16196
16199
16202
16205
16208
16211
16214
16221
16224
16227
16230
16233
16236
16239
16242
16245
16249
16259
16262
16265
16271
16274
16277
16281
16284
16287
16290
16293
16297
16301
16304
16307
16310
16313
16316
16319
16322
16325
16328
16331
16335
16338
16342
16349
16356
16359
16362
16365
16368
16372
16375
16391
16394
16397
16401
16404
16407
16410
16413
16416
16419
16422
16425
16428
16431
16434
16437
16440
16443
16446
16449
16452
16455
16458
16461
16469
16472
16475
16478
16481
16484
16487
16490
16493
16496
16499
16502
16505
16508
16512
16515
16518
16521
16524
16527
16530
16533
16536
16541
16544
16547
16550
16553
16558
16561
16564
16567
16570
16576
16579
16583
16586
16589
16592
16595
16603
16606
16609
16613
16627
16635
16638
16641
16644
16647
16650
16653
16656
16659
16662
16665
16668
16671
16674
16681
16684
16687
16690
16693
16696
16699
16702
16705
16708
16711
16714
16717
16720
16723
16726
16729
16732
16735
16738
16741
16744
16747
16750
16753
16757
16760
16763
16769
16772
16775
16778
16781
16784
16799
16802
16809
16812
16815
16818
16821
16824
16827
16830
16833
16836
16839
16842
16845
16851
16854
16857
16860
16863
16866
16869
16872
16875
16878
16881
16884
16887
16890
16893
16896
16899
16902
16905
16908
16912
16915
16918
16921
16924
16927
16930
16933
16936
16939
16942
16945
16948
16951
16954
16957
16960
16963
16966
16969
16972
16975
16979
16982
16985
17002
17005
17008
17011
17014
17017
17022
17031
17034
17038
17041
17044
17047
17050
17053
17056
17059
17062
17066
17069
17072
17075
17078
17081
17084
17087
17090
17093
17096
17099
17102
17105
17108
17111
17114
17117
17120
17123
17126
17129
17132
17135
17138
17141
17144
17147
17150
17154
17157
17160
17163
17166
17169
17172
17175
17178
17181
17184
17190
17193
17196
17199
17202
17215
17218
17222
17225
17228
17231
17234
17237
17240
17243
17246
17249
17252
17255
17258
17261
17264
17267
17270
17273
17276
17279
17282
17285
17288
17291
17295
17298
17301
17304
17307
17310
17313
17316
17319
17322
17325
17328
17331
17334
17337
17340
17343
17346
17349
17352
17355
17358
17361
17364
17367
17370
17373
17376
17379
17382
17385
17388
17391
17394
17397
17400
17403
17406
17409
17412
17415
17434
17437
17440
17443
17446
17449
17452
17456
17459
17462
17465
17468
17471
17474
17477
17480
17483
17486
17489
17492
17495
17498
17501
17504
17507
17510
17513
17516
17519
17522
17525
17528
17539
17542
17545
17548
17551
17554
17557
17560
17563
17566
17569
17572
17575
17578
17581
17584
17587
17590
17593
17596
17599
17602
17605
17608
17611
17614
17617
17620
17623
17628
17631
17634
17637
17640
17643
17648
17651
17654
17657
17660
17663
17666
17669
17672
17675
17678
17681
17684
17687
17690
17693
17696
17699
17702
17705
17708
17711
17714
17717
17720
17723
17726
17729
17732
17735
17739
17742
17745
17748
17752
17755
17758
17761
17764
17767
17770
17773
17776
17779
17782
17785
17788
17791
17794
17797
17800
17803
17806
17809
17812
17821
17824
17827
17830
17836
17839
17842
17846
17852
17861
17864
17867
17871
17874
17877
17880
17883
17886
17889
17892
17895
17898
17901
17904
17907
17910
17913
17916
17919
17922
17925
17928
17931
17936
17939
17942
17945
17948
17951
17954
17957
17960
17963
17966
17969
17972
17977
17980
17990
17993
17996
18000
18003
18006
18009
18012
18015
18018
18021
18025
18028
18031
18034
18047
18050
18053
18060
18063
18066
18069
18072
18075
18078
18081
18084
18087
18090
18093
18096
18099
18102
18105
18108
18111
18114
18117
18120
18123
18126
18129
18132
18135
18138
18143
18146
18151
18155
18158
18161
18164
18167
18170
18173
18176
18179
18182
18185
18205
18208
18211
18214
18217
18220
18223
18226
18229
18232
18235
18238
18256
18259
18263
18266
18269
18272
18275
18278
18281
18284
18287
18290
18293
18296
18299
18302
18305
18308
18311
18314
18317
18320
18323
18326
18329
18332
18335
18338
18341
18344
18347
18350
18353
18356
18359
18363
18366
18369
18372
18375
18378
18381
18384
18387
18390
18394
18397
18400
18403
18406
18409
18412
18415
18418
18421
18424
18428
18431
18434
18437
18440
18468
18471
18474
18477
18480
18483
18486
18494
18497
18500
18503
18508
18511
18514
18517
18520
18524
18527
18530
18533
18536
18539
18542
18547
18550
18553
18556
18559
18562
18565
18568
18572
18575
18578
18581
18585
18588
18591
18601
18604
18607
18610
18613
18616
18619
18622
18625
18628
18631
18634
18637
18641
18644
18647
18650
18653
18657
18678
18681
18684
18687
18690
18693
18700
18703
18706
18709
18712
18715
18720
18723
18726
18729
18732
18735
18738
18741
18744
18747
18750
18753
18756
18759
18762
18765
18768
18771
18774
18780
18783
18786
18789
18792
18795
18798
18801
18804
18807
18811
18814
18817
18833
18836
18839
18842
18845
18848
18851
18854
18857
18860
18863
18866
18901
18911
18916
18919
18922
18925
18928
18931
18934
18938
18941
18944
18947
18950
18953
18956
18959
18962
18965
18968
18971
18974
18977
18980
18983
18996
18999
19002
19005
19012
19015
19018
19021
19024
19027
19043
19046
19049
19052
19055
19058
19061
19064
19067
19070
19074
19077
19099
19102
19105
19111
19115
19118
19121
19125
19128
19131
19134
19145
19159
19203
19210
19213
19216
19219
19222
19226
19229
19232
19235
19238
19247
19250
19268
19310
19313
19323
19335
19338
19359
19392
19395
19404
19407
19524
19543
19547
19550
19677
19680
19683
19689
19694
19710
19732
20011
20022
20025
20028
20031
20034
20037
20096
20130
20415
20418
20448
20451
20454
20510
20514
20575
20578
20765
20770
20795
20798
20801
20804
20807
20810
20833
20836
20839
20842
20845
20848
20869
20895
20898
20901
21512
21515
21518
21521
21524
21527
21530
21533
21536
21539
21543
21546
21549
21552
21555
21558
21561
21564
21567
21570
21574
21577
21580
21583
21586
21589
21592
21602
21605
21608
21612
21615
21711
21714
21717
21720
21723
21726
21729
21733
21736
21739
21746
21769
21777
21780
21813
21816
21819
21822
21825
21828
21835
21838
21841
21849
21852
21855
21858
21861
21864
21867
21870
21873
21876
21881
21884
21887
21890
21895
21925
21939
21945
21948
21951
21965
21968
21973
21997
22022
22025
22028
22037
22128
22131
22144
22165
22168
22171
22191
22194
22197
22237
22250
22253
22262
22288
22291
22294
22298
22347
22350
22353
22356
22359
22364
22369
22372
22375
22420
22423
22437
22440
22443
22446
22501
22504
22507
22510
22513
22516
22519
22561
22565
22615
22668
22674
22698
22810
22869
22902
22905
22908
22955
22986
22993
23025
23072
23075
23189
23192
23244
23330
23414
23422
23567
23654
23662
23697
23821
23841
23908
23987
23990
24168
24185
24385
24388
24566
24620
24665
24668
24724
24727
24730
24943
24962
24999
25007
25033
25176
25182
25187
25359
25638
25801
25804
25807
25810
25878
25881
25884
25887
25900
25930
25956
25990
25993
26001
26034
26037
26064
26068
26071
26074
26090
26093
26143
26146
26149
26167
26170
26173
26208
26225
26243
26278
26372
26381
26484
26587
26595
26598
26641
26644
26653
26656
26666
26709
26744
26798
26914
26917
26938
26942
26979
27008
27011
27071
27096
27111
27132
27243
27274
27279
27331
27334
27340
27394
27397
27439
27457
27541
27569
27654
27678
27684
27722
27730
27777
27809
27854
27885
27888
27891
28004
28025
28038
28075
28214
28217
28340
28386
28391
28426
28442
28467
28471
28476
28484
28490
28493
28496
28509
28527
28565
28576
28598
28606
28637
28640
28649
28706
28777
28785
28817
28833
28839
28851
28858
28916
28939
28942
28971
28975
28985
28988
29025
29037
29059
29085
29088
29094
29097
29189
29192
29323
29335
29353
29377
29446
29463
29557
29570
29576
29580
29736
29756
29759
29762
29810
29813
29818
29861
29901
29908
29946
30092
30134
30137
30157
30160
30163
30166
30169
30172
30175
30178
30181
30184
30187
30218
30221
30224
30227
30230
30234
30237
30240
30243
30246
30249
30252
30255
30264
30267
30270
30273
30276
30279
30282
30285
30499
30502
30505
30508
30511
30610
30613
30647
30650
30656
30659
30662
30669
30672
30824
30827
31130
31135
31138
31141
31357
31360
31371
31375
31378
31381
31384
31387
31390
31393
31396
32579
32582
32585
32588
32591
32594
32599
32602
32605
32608
32617
32620
32627
32630
32751
32817
32820
32823
32826
32829
32832
32835
32838
32874
32877
32881
32884
32887
32890
32893
32896
32899
32902
32905
32908
32911
33277
33280
33283
33286
33289
33292
33295
33298
33301
33304
33307
33310
33313
33316
33319
33322
33325
33350
33353
33356
33359
33362
33450
33461
33560
33563
33631
33634
33637
33640
33643
33646
33649
33652
33655
33658
33661
33664
33667
33670
33673
33676
33679
33682
33685
33688
33691
33694
33697
33700
33703
33706
33709
33712
33715
33775
33778
33792
33882
33885
33947
33951
33954
34235
34324
34329
34341
34344
34347
34390
34393
34401
34694
34733
34991
35064
35235
35397
35401
35404
35407
35513
35516
35663
35688
35691
35755
35758
35761
35801
35929
35932
36023
36026
36216
36219
36222
36228
36234
36254
36271
36274
36277
36280
36283
36286
36298
36301
36304
36340
36343
36376
36379
36418
36543
36546
36582
36626
36669
36732
36737
36835
36838
36842
36845
36848
36851
36873
36876
36879
36882
36885
36915
37036
37040
37046
37086
37089
37092
37095
37098
37101
37104
37107
37111
37114
37117
37145
37148
37151
37154
37161
37164
37167
37170
37173
37176
37179
37182
37186
37189
37193
37196
37208
37211
37214
37231
37244
37257
37260
37263
37286
37296
37348
37354
37359
37362
37365
37380
37400
37406
37413
37440
37443
37450
37515
37518
37521
37552
37555
37576
37585
37617
37622
37625
37628
37631
37634
37644
37671
37675
37678
37681
37689
37692
37695
37698
37702
37705
37712
37741
37744
37747
37758
37761
37764
37767
37770
37775
37778
37781
37784
37787
37798
37818
37824
37827
37830
38283
38286
38289
38451
38788
38791
42118
42190
42193
42207
42347
42350
42353
43338
43341
43344
44682
44689
44954
44957
45103
45116
45413
45416
45419
45422
45425
45512
46476
46480
46483
46513
46516
46519
46522
46525
46529
46532
46593
46596
46599
46602
46605
46609
46612
46768
46774
46777
46780
46783
47562
47565
47568
47571
47957
47960
47963
47966
48360
48363
48386
48389
49813
49816
49819
49992
49995
49998
50001
50004
50007
50010
50013
50182
50376
50379
50742
50745
50861
50864
52010
52013
52224
52237
52259
52263
52266
52269
52272
52275
52285
52744
52747
52750
52753
53139
53142
53448
53454
53680
53683
53686
53689
53866
53869
53872
53880
54091
54094
54097
54100
54103
54106
55724
55727
55837
55898
55901
55904
55907
55910
56180
56183
56186
56189
56192
56195
56198
56201
56228
56231
56234
56300
56426
56429
56432
56435
56438
56441
56444
56447
56450
56960
56963
56966
56969
56972
56975
56978
56981
56984
56987
57248
57251
57254
57418
57421
57493
59150
59153
59156
59304
59307
59333
59336
59489
59492
59932
59935
59938
60032
60035
60038
60191
60194
60274
60277
60281
60512
60516
60519
60822
60825
60828
60934
61146
61149
61152
61269
61272
61275
61711
61716
61719
61882
62138
62141
62201
62204
62514
62517
62520
62647
62650
62653
62656
62865
62868
62871
62914
62917
63073
63076
63331
63334
63337
63340
64177
64180
64183
65727
65730
65733
65736
65739
65742
65805
65809
65812
65815
65819
65824
65884
65887
65890
65893
65896
66562
66565
66568
67071
67074
67077
67080
67151
67194
67197
67200
67203
67206
67209
67212
67215
67218
67223
67280
67283
67286
67313
67316
67360
67363
67687
67857
67860
67863
67957
68040
68043
68119
68122
68136
68139
68274
68424
68428
68431
68434
68437
68440
68443
68446
68636
68639
68852
68855
68907
68989
69059
69062
69328
69331
69335
69338
69341
69401
69517
69520
69593
69596
70170
70415
70419
70422
70665
70690
70938
70941
70944
70947
71047
71127
71130
71133
71136
71156
71167
71171
71210
71214
71217
71220
71223
71419
71422
71465
71468
71483
71554
71557
71563
71602
71605
71608
71611
71614
71617
71620
71623
71626
71629
71661
71664
72079
72082
72085
72088
72091
72094
72098
72101
72104
72107
72110
72113
72116
72119
72122
72125
72128
72131
72143
72146
72149
72152
72157
72161
72164
72180
72183
72387
72390
72411
72524
72527
72530
72533
72553
72556
72559
72562
72565
72769
72772
72816
72962
72965
73235
73238
73284
73492
73646
73675
73731
73745
73770
73835
74041
74152
74157
74180
74242
74421
74502
74516
74799
74886
74911
74914
74964
74980
75058
75856
75860
75898
75937
75940
76171
76234
76444
76851
76854
76857
76860
76879
76882
76952
76955
76996
77011
77097
77127
77141
77188
77191
77276
77305
77317
77323
77343
77367
77377
77380
77407
77410
77415
77418
77758
77850
77854
77862
77949
77952
78014
78148
78175
78250
78258
78261
78264
78320
78344
78366
78369
78372
78437
78469
78473
78476
78479
78482
78534
78537
78540
78543
78594
78597
78600
78603
78670
78673
78676
78679
78682
78881
78884
78891
78894
79370
79373
79376
79379
79382
79385
79388
79391
79394
79397
79410
79623
79709
79780
79783
79786
79789
79882
79885
79889
79892
79895
79898
79901
79904
79907
79910
79913
79916
79919
79922
79925
79928
79951
79954
79957
80012
80015
80018
80021
80024
80099
80102
80500
80503
80598
80601
80774
81576
81579
82678
82723
82726
82889
82898
82957
83065
83068
83361
83446
83915
83931
83941
83959
83962
83965
83968
83971
83974
83977
83980
83983
83986
83989
83999
84002
84005
84008
84011
84014
84020
84023
84369
84408
84411
84414
84453
84456
84504
84507
84511
84564
84574
84611
84678
84681
84734
84770
84794
84797
84800
84857
84860
84864
84867
84900
84954
84972
85082
85389
85439
85476
85479
85509
85558
85623
85694
85762
85765
85779
85904
85907
85923
85962
86001
86113
86166
86347
86372
86375
86382
86385
86545
86554
86822
86825
86862
86873
86876
86879
86882
86885
86888
86891
86894
86897
86900
86903
86906
86916
86919
86928
86931
86934
87007
87010
87013
87019
87023
87051
87054
87057
87139
87142
87152
87155
87158
87169
87225
87228
87238
87241
87273
87276
87359
87362
87365
87418
87430
87433
87436
87439
87442
87445
87448
87451
87454
87457
87460
87463
87466
87469
87472
87475
87478
87481
87484
87533
87543
87546
87549
87552
87657
87660
87663
87666
87669
87672
87675
87749
87752
87784
87787
87795
87798
87801
87804
88072
88203
88467
88470
88473
88476
88479
88482
88485
88488
88491
88494
88714
88735
88738
88751
88761
88771
88774
88777
88780
88783
88910
89835
89838
89841
89844
89906
89922
90052
90070
90096
90099
90147
90348
90352
90505
90535
90538
90545
90548
90561
92100
92567
92570
92573
92576
92670
92673
92699
92710
92713
92723
92729
92735
92743
92750
92753
92758
92764
92767
92770
92773
92776
92779
92782
92929
92932
92935
92938
92954
92957
92960
92965
92971
92992
92995
93014
93017
93020
93023
93026
93029
93040
93044
93047
93050
93055
93058
93061
93064
93067
93070
93114
93117
93120
93156
93161
93164
93196
93239
93464
93467
93476
93858
93881
94116
94139
94196
94261
94285
94345
94348
94517
94685
94700
94703
94924
94927
94930
94955
94958
94971
94982
94986
95007
95010
95014
95017
95106
95109
95777
95783
96298
96680
96683
96688
96775
96864
97031
97138
97680
97693
97696
97799
97802
97884
97893
97988
98342
98345
98549
98552
98555
98573
98588
98591
98604
98625
98805
98860
98899
98966
98969
99031
99137
99418
99478
99496
99502
99576
99603
99737
100030
100033
100108
100144
100147
100168
100209
100225
100251
100258
100261
100312
100315
100318
100321
100324
100327
100330
100333
100336
100339
100342
100345
100348
100351
100354
100357
100843
100846
100849
100852
100871
100875
100903
100906
100917
100920
100923
100926
100929
100933
100936
100939
100942
100952
100957
100960
100963
100982
100985
100992
100997
101010
101013
101016
101049
101052
101055
101085
101091
101097
101100
101109
101116
101126
101132
101139
101144
101219
101222
101230
101233
101236
101375
101378
101382
101391
101399
101402
101421
101424
101571
101685
101688
101691
101712
101715
101718
101833
101836
101846
101849
101852
101937
102002
102080
102083
102087
102090
102098
102101
102309
102316
102327
102332
102335
102338
102344
102504
102511
102611
102614
102617
102620
102697
102700
102793
102796
102799
102802
102811
102866
102870
102949
103144
103147
103406
103409
103412
103415
103418
103534
103537
103952
103955
103958
103961
103964
103967
104067
104070
104166
104219
104457
104460
104463
104468
104493
104534
104537
104631
104634
104637
104641
104665
104689
104815
104825
104828
104832
104835
104865
104879
104915
105064
105112
105180
105348
105351
105392
105398
105444
105501
105504
105507
105510
105513
105516
105519
105522
105525
105528
105532
105535
105538
105557
105560
105563
105566
105610
105613
105616
105619
105622
105625
105628
107274
107277
107280
107283
107286
107289
107292
108019
108437
108449
108452
108455
108458
108461
108464
108467
108470
108473
108476
108479
108483
108486
108489
108492
108495
108498
108501
108504
108507
108510
108516
108519
108522
108525
108528
108531
110209
110212
110215
110219
110222
110225
110228
110231
110234
110237
110240
110243
110304
110319
110322
110325
110813
110816
110819
110822
110825
110966
110974
111302
111305
111308
111311
111314
111317
111320
111323
111326
111330
111333
111350
111353
111361
111588
111724
111727
111730
111733
111736
111739
111742
111746
111749
111811
111903
111906
111909
111928
111949
111966
112113
112129
112132
112166
112279
112416
112419
112434
112437
112440
112443
112446
112449
112476
112479
112482
112485
112488
112491
112494
112497
112500
112510
112513
112517
112520
112523
112526
112529
112532
112535
112551
112556
112559
112562
112565
112568
112583
112586
112589
112592
112595
112598
112601
112604
112607
112614
112626
112630
112647
112658
112670
112675
112685
112694
112729
112732
112735
112738
112743
112746
112808
112811
112817
112821
112860
112894
112897
112904
112993
112996
113194
113197
113212
113369
113386
113411
113415
113513
113516
113519
113552
113555
113599
113602
113646
113649
113652
113730
113734
113742
113746
113749
113752
113755
113758
113761
113850
113931
114036
114043
114170
114173
114246
114278
114281
114295
114300
114321
114324
114330
114337
114340
114401
114421
114450
114503
114598
114617
114756
114759
114762
114806
114916
115081
115084
115089
115135
115138
115303
115306
115312
115315
115377
115380
115391
115405
115408
115411
115416
115432
115435
115441
115527
115560
115563
115566
115576
115579
115595
115636
115669
115672
115742
115745
115752
115777
115780
115783
115898
115901
115904
115907
115910
115914
115917
116009
116081
116084
116098
116101
116113
116116
116119
116122
116125
116128
116136
116177
116202
116504
116507
116565
116574
116577
116968
116971
117054
117057
117076
117094
117097
117118
117180
117222
117225
117230
117233
117554
117557
117584
117587
117757
117783
117893
117896
117899
118509
118541
118556
118581
118584
118830
118833
118854
118867
118887
118890
119121
119194
119201
119216
119262
119278
119281
119295
119360
119363
119370
119373
119376
119469
119541
119544
119573
119576
119587
119590
119601
119686
119799
119921
119925
119958
119961
119964
120078
120081
120117
120120
120127
120147
120150
120165
120168
120186
120193
120196
120214
120477
120484
120540
120736
120739
120742
120745
120748
120751
120759
120792
120823
120827
120830
120862
120874
120934
120937
120940
120980
121014
121052
121062
121065
121132
121152
121155
121167
121284
121317
121329
121336
121343
121350
121363
121366
121391
121404
121407
121410
121414
121417
121420
121423
121426
121429
121432
121435
121438
121441
121449
121452
121455
121458
121461
121464
121467
121470
121473
121564
121567
121570
121573
121576
121586
121925
121928
121931
121934
121937
121940
121943
121946
121949
121952
121955
121958
121961
121964
121967
121970
121973
121978
121981
121984
121987
121990
121993
121996
121999
122002
122005
122008
122011
122014
122017
122020
122023
122026
122029
122032
122036
122039
122283
122286
122629
122644
122802
122855
122949
123262
123286
123348
123369
123377
123380
123383
123386
123389
123392
123395
123398
123401
123404
123407
123410
123413
123432
123435
123438
123441
123486
123489
123551
123632
123636
123755
123758
123910
123913
123942
123953
123970
123973
123976
123979
123982
123985
123988
123991
123994
123997
124000
124003
124006
124009
124013
124016
124019
124022
124025
124028
124031
124034
124048
124070
124076
124079
124086
124099
124110
124113
124129
124160
124163
124233
124899
124903
124906
124911
124914
124917
124920
125049
125248
125275
125278
125281
125284
125287
126095
127258
127261
127264
127485
128793
128796
129967
129970
130152
130427
130433
130436
130683
130686
130690
130693
130696
130948
130951
130968
130971
131117
131120
131479
131482
131485
131549
131555
131558
131958
131961
131964
131967
131970
132071
132074
133603
133606
133609
133829
134180
134183
135422
135426
135429
135435
135438
135659
135662
135665
136168
136171
136174
136179
136182
136566
136573
136576
136581
136584
136830
136833
136836
136842
136960
137225
137228
137231
137307
137310
137313
137316
138097
138100
138304
138738
138826
138831
138834
138837
139011
139014
139130
139133
139399
140092
140213
140216
140219
140603
140819
140822
140825
140828
140831
140834
140837
140879
140882
140885
140888
142370
142373
142377
142380
142383
142386
142391
142394
142520
142524
142527
142530
142533
143212
144137
144140
144253
144474
144477
144480
144808
144811
144814
144817
144900
144903
144906
145324
145465
145468
145471
145474
145477
145480
145663
145666
145767
145770
145773
145776
145900
145959
146112
146115
146138
146141
146144
146250
146398
146401
146431
146537
146598
146601
146734
146737
146740
146883
147097
147100
147103
147106
147239
147242
148437
148440
148443
148446
148677
148680
148683
149200
149204
151101
151104
151107
151110
151113
151116
151119
151325
151328
151331
151483
151486
151489
151492
151997
152000
152085
152088
152253
152256
152299
152302
152432
152435
152572
152575
152578
152581
152721
152783
152786
152899
152902
152988
152991
152994
152997
153095
153098
153101
153104
153139
153142
153219
153222
153225
153272
153275
153278
153286
153289
153292
153295
153298
153342
153498
153501
153504
153581
153584
153587
153590
153871
153874
154382
154385
154388
154580
154583
154654
154657
154730
154901
155152
155155
155275
155278
155431
155434
155437
155440
155701
155704
155813
156081
156084
156740
156744
156777
156780
156884
156887
156890
156893
156898
156901
156914
156933
156951
156956
156967
156986
156989
157023
157026
157030
157034
157088
157168
157183
157186
157257
157313
157316
157319
157322
157325
157329
157335
157369
157387
157413
157434
157449
157458
157461
157480
157519
157582
157586
157727
157730
157854
157857
157860
157866
157869
157872
157880
157908
157942
157979
157982
158046
158049
158052
158059
158062
158065
158083
158086
158124
158134
158137
158140
158143
158154
158157
158160
158163
158166
158169
158509
158512
158515
158518
158521
158524
158527
158530
158534
158537
158540
158543
158546
158549
158577
158589
158599
158612
158659
158663
158666
158670
158710
158713
158822
158829
159020
159023
159026
159029
159209
159212
159215
159218
159221
159224
159227
159230
159233
159236
159239
159242
159245
159249
159252
159255
159258
159261
159264
159267
159270
159273
159284
159287
159290
159298
159301
159310
159313
159317
159320
159323
159326
159348
159351
159367
159370
159373
159376
159379
159382
159386
159389
159392
159395
159398
159401
159404
159407
159410
159413
159416
159419
159422
159425
159428
159431
159434
159437
159440
159443
159446
159449
159452
159455
159458
159461
159464
159467
159486
159489
159492
159495
159498
159668
159689
159694
159710
159796
159832
159865
159939
159954
159959
159962
159965
159968
159971
159974
159977
160019
160117
160134
160147
160168
160201
160210
160286
160428
160433
160446
160485
160496
160548
160551
160565
160568
160571
160574
160577
160593
160596
160599
160602
160605
160608
160628
160631
160634
160637
160640
160658
161127
161178
161181
161184
161187
161190
161193
161196
161339
161342
161357
161380
161420
161498
161501
161663
161697
161755
161872
161875
161909
161914
161937
161952
161955
161977
162021
162035
162056
162078
162120
162125
162128
162134
162227
162232
162271
162301
162310
162313
162316
162319
162323
162326
162329
162925
162931
162934
162937
162940
162943
162946
162949
162952
162955
162958
162961
162964
162967
162970
162973
162976
162979
162982
162985
162996
163000
163003
163006
163018
163021
163024
163027
163030
163566
163569
163585
163659
163662
163665
163668
163672
163675
165226
165655
165658
166015
166039
166066
166069
166072
166075
166078
166081
166088
166092
166095
166099
166102
166105
166108
166113
166122
166125
166128
166131
166134
166137
166140
166143
166146
166151
166156
166159
166162
166165
166168
166171
166174
166241
166244
166247
166250
166265
166299
166303
166306
166309
166312
166327
166330
166333
166439
166442
166445
166472
166475
166492
166501
166510
166513
166516
166519
166522
166525
166829
166832
166835
166838
166841
166844
166847
166850
166854
166857
166951
167288
167291
167294
167297
167384
167387
167390
167393
167728
167841
168109
168272
168414
168570
168631
168634
168637
168640
168643
168646
169055
169153
169180
169201
169208
169228
169345
169358
169414
169421
169440
169492
169496
169538
169569
169581
169584
169591
169594
169606
169609
169614
169617
169625
169631
169906
169912
169915
169918
169929
169932
170055
170091
170100
170142
170205
170213
170367
170431
170437
170440
170456
170481
170484
170498
170882
170921
170924
170938
170941
170947
170950
170953
170956
170959
170962
170965
170968
170971
170977
170980
170983
170986
170989
170992
170999
171002
171005
171008
171016
171019
171022
171025
171028
171031
171034
171037
171052
171203
171206
171334
171358
171361
171371
171374
171395
171399
171540
171543
171546
171549
171650
171657
171660
171663
171666
171669
171740
171743
171748
171751
171758
171778
171839
171842
171853
171881
171884
171914
171994
171997
172096
172125
172149
172153
172207
172237
172247
172306
172335
172342
172419
172516
172519
172561
172576
172586
172589
172592
172595
172598
172601
172825
172828
172831
172865
172883
172886
172905
172932
173190
173217
173220
173223
173226
173229
173232
173243
173246
173249
173252
173258
173334
173337
173340
173358
173362
173371
173374
173377
173385
173401
173442
173445
173477
173480
173483
173486
173503
173559
173562
173565
173582
173608
173611
173655
173669
173827
173859
173974
174021
174034
174057
174064
174069
174263
174267
174326
174364
174430
174444
174447
174612
174615
174621
174624
174627
174630
174654
174667
174778
174784
174787
174824
174833
174861
174864
174867
174870
174873
174876
174883
174886
174889
174892
174895
174898
174912
174915
175002
175148
175163
175244
175275
175300
175303
175332
175340
175394
175423
175431
175438
175487
175514
175517
175520
175523
175526
175607
175610
175613
175616
175619
175622
175625
175631
175634
175652
175655
175658
175671
175687
175690
175722
175725
175758
175774
175777
175818
175821
175858
175894
175897
175981
176002
176005
176029
176040
176054
176119
176179
176182
176191
176194
176197
176347
176350
176378
176514
176579
176662
176701
176704
176707
176710
176715
176718
176728
176731
176734
176771
176875
176920
176923
176965
177095
177098
177148
177151
177211
177214
177269
177347
177350
177353
177356
177359
177365
177368
177371
177374
177377
177380
177383
177386
177389
177392
177395
177398
177409
177412
177448
177583
177873
177974
177977
177982
177985
177988
178001
178004
178007
178046
178049
178052
178062
178076
178079
178082
178085
178091
178096
178099
178102
178112
178115
178152
178450
178453
178464
178467
178470
178498
178522
178559
178562
178565
178568
178608
178611
178677
178680
178683
178686
178689
178693
178696
178699
178702
178706
178736
178739
178742
178773
178815
178860
178863
178866
178869
178878
178881
178885
178888
178896
178904
178907
178910
178936
178949
178952
178955
178958
178961
178964
179233
179236
179239
179242
179590
179593
179596
179599
179602
179605
179612
179668
179671
179698
179701
179712
179715
179727
179730
179733
179736
179739
179742
179748
179769
179772
179775
179778
179781
179784
179787
179806
179809
179812
179815
179822
179839
179850
179903
179906
179909
179912
179915
179919
179922
179927
179930
179937
179940
180086
180114
180158
180224
180309
180312
180456
180461
180464
180568
180596
180845
180865
180896
181122
181162
181165
181168
181171
181277
181280
181283
181286
181289
181292
181295
181298
181301
181304
181307
181310
181313
181332
181514
181650
181718
181819
181822
181852
182282
182343
182487
182490
182628
182640
182860
182867
182908
182938
182941
183169
183172
183175
183178
183195
183198
183235
183389
183425
183431
183536
183539
183560
183565
183668
183757
183762
183781
183784
183846
183849
183854
183885
184101
184139
184142
184309
184350
184353
184362
184444
184451
184540
184825
184828
184889
184892
184929
184938
184966
184969
184972
184975
184978
184981
184984
184987
185005
185008
185011
185016
185019
185022
185025
185028
185044
185047
185050
185053
185065
185068
185086
185089
185108
185133
185136
185195
185222
185225
185228
185234
185274
185295
185314
185332
185337
185341
185364
185380
185400
185403
185447
185452
185460
185469
185480
185483
185486
185512
185541
185544
185560
185572
185589
185622
185625
185632
185829
185886
185889
185894
185926
185929
185932
185935
185938
185941
185944
185947
185950
185953
185956
185976
185979
185982
186028
186043
186046
186049
186052
186055
186062
186095
186098
186101
186121
186131
186134
186137
186140
186155
186184
186187
186190
186193
186199
186202
186247
186250
186253
186256
186259
186262
186265
186271
186344
186363
186782
186888
186909
186912
186956
186985
187039
187042
187047
187341
187344
187347
187350
187353
187391
187394
187397
187400
187403
187406
187409
187412
187415
187418
187421
187432
187435
187438
187444
187447
187453
187467
187470
187473
187478
187484
187496
187499
187502
187524
187527
187530
187582
187585
187588
187591
187594
187601
187611
187625
187641
187644
187684
187695
187698
187703
187737
187749
187752
187774
187777
187780
187783
187786
187826
187829
187837
187990
188179
188182
188185
188188
188203
188206
188209
188212
188215
188244
188247
188250
188253
188256
188304
188307
188310
188313
188408
188411
188414
188417
188428
188438
188441
188444
188447
188607
188610
188613
188616
188701
188704
188708
188711
188714
188901
188906
188913
188970
189006
189015
189029
189038
189069
189074
189077
189080
189085
189090
189114
189123
189127
189130
189135
189150
189164
189169
189179
189186
189190
189193
189196
189202
189206
189209
189212
189216
189219
189222
189227
189230
189235
189239
189242
189245
189248
189251
189254
189258
189265
189268
189272
189279
189282
189285
189289
189292
189312
189317
189353
189357
189360
189364
189367
189493
189496
189499
189502
189505
189510
189513
189527
189549
189552
189555
189559
189563
189566
189572
189575
189578
189582
189587
189591
189594
189600
189603
189606
189609
189612
189615
189618
189625
189631
189636
189639
189642
189646
189649
189657
189669
189672
189675
189679
189682
189685
189688
189691
189695
189698
189701
189704
189709
189713
189716
189719
189723
189726
189729
189732
189735
189738
189741
189744
189747
189759
189762
189765
189768
189771
189774
189777
189780
189783
189786
189789
189792
189797
189804
189809
189812
189820
189823
189826
189832
189835
189838
189841
189868
189871
189874
189877
189880
189883
189891
189898
189903
189906
189909
189928
189933
189947
189965
189968
189971
189992
190038
190046
190050
190059
190065
190104
190115
190119
190122
190128
190148
190152
190160
190164
190179
190186
190198
190335
190341
190344
190347
190350
190360
190363
190366
190370
190373
190381
190391
190394
190401
190406
190434
190445
190448
190453
190456
190480
190485
190488
190626
190631
190641
190646
190652
190669
190672
190675
190688
190696
190706
190709
190714
190721
190725
190728
190733
190736
190741
190747
190750
190756
190759
190762
190771
190774
190777
190780
190783
190792
190797
190803
190809
190816
190819
190822
190825
190828
190831
190834
190837
190840
190843
190846
190853
190861
190864
190867
190875
190878
190891
190894
190897
190900
190903
190906
190910
190913
190918
190921
190931
190934
190937
190940
190944
190947
190950
190953
190957
190960
190963
190966
190969
190973
190976
190979
190982
190985
190993
190996
191000
191003
191006
191009
191013
191016
191019
191022
191025
191028
191031
191034
191037
191045
191048
191051
191054
191058
191063
191066
191069
191072
191075
191078
191081
191084
191087
191093
191096
191099
191102
191105
191108
191111
191114
191117
191120
191123
191126
191135
191138
191141
191144
191147
191158
191173
191176
191179
191182
191185
191188
191191
191194
191197
191200
191208
191228
191231
191236
191259
191262
191265
191268
191271
191324
191327
191330
191349
191356
191382
191439
191442
191480
191511
191531
191536
191562
191565
191577
191583
191586
191589
191592
191598
191601
191668
191671
191674
191678
191681
191687
191691
191696
191699
191702
191706
191710
191713
191720
191723
191726
191730
191733
191741
191744
191750
191753
191762
191765
191768
191786
191789
191797
191801
191804
191807
191810
191814
191819
191825
191839
191846
191852
191858
191867
191872
191879
191891
191895
191898
191901
191904
191907
191920
191927
191930
191936
191948
191951
191983
192036
192118
192137
192183
192186
192190
192193
192302
192313
192317
192320
192323
192332
192359
192362
192375
192379
192385
192388
192391
192394
192397
192411
192414
192417
192420
192423
192426
192429
192432
192435
192438
192441
192444
192582
192621
192653
193020
193039
193108
193111
193114
193117
193120
193123
193126
193129
193132
193135
193140
193143
193152
193202
193291
193323
193326
193329
193332
193335
193341
193344
193347
193350
193353
193379
193572
193575
193814
193929
193932
193935
193938
193941
194472
194475
194478
194482
194485
194488
194523
194526
194529
194549
194552
194835
194838
194841
194844
194878
194881
194884
194888
195257
195260
195281
195298
195301
195304
195307
195310
195313
195316
195319
195323
195326
195329
196463
196510
198228
198231
198240
198243
198246
198249
198351
198444
198466
198742
198797
198803
198865
198868
198872
198875
199053
199056
199061
199064
199071
199077
199102
199132
199142
199145
199156
199167
199177
199202
199278
199310
199313
199318
199328
199331
199434
199528
199846
199976
200002
200307
200416
200425
200497
200719
200725
200728
200731
200859
200862
200865
200868
200871
200874
200877
200880
200883
200886
200925
200928
200931
200937
200981
200984
200987
200990
200993
201016
201019
201056
201067
201083
201086
201241
201247
201291
201355
201385
201410
201484
201487
201632
201651
201658
201661
201813
201894
201897
201900
201903
201906
201909
201912
201947
201950
201953
201956
201959
201962
201965
201968
201971
201974
201977
201980
201983
201986
201989
201992
201995
201998
202001
202004
202007
202010
202013
202016
202019
202022
202025
202028
202031
202053
202057
202075
202143
202228
202235
202259
202364
202413
202417
202420
202425
202627
202660
202692
202695
202714
202780
202783
202891
202911
202927
202930
202999
203042
203128
203131
203134
203168
203171
203382
203385
203455
203458
203461
203562
203565
203574
203595
203598
203607
203610
203807
203810
203964
203968
203983
204057
204175
204178
204214
204219
204273
204309
204323
204326
204329
204398
204401
204425
204483
204492
204495
204555
204579
204582
204637
204640
204654
204657
204661
204664
204679
204716
204719
204725
204757
204763
204766
204773
204776
204815
204835
204870
204876
204879
204889
204892
205019
205022
205032
205037
205050
205055
205058
205069
205072
205076
205149
205152
205163
205169
205172
205179
205182
205185
205188
205239
205260
205263
205301
205304
205318
205341
205344
205347
205360
205363
205383
205386
205389
205460
205463
205485
205488
205493
205498
205509
205512
205515
205518
205521
205524
205527
205544
205547
205551
205563
205566
205569
205585
205588
205591
205594
205598
205601
205605
205608
205651
205654
205657
205663
205666
205669
205672
205675
205678
205698
205701
205704
205707
205710
205713
205745
205748
205751
205754
205757
205778
205787
205790
205793
205796
205799
205802
205816
205819
205822
205829
205859
205862
205865
205947
205950
205953
205956
205959
205962
205965
205968
205977
205993
205996
206005
206010
206013
206016
206019
206022
206025
206032
206057
206060
206072
206106
206125
206128
206131
206134
206140
206172
206175
206178
206203
206209
206212
206222
206226
206229
206232
206235
206238
206241
206244
206264
206267
206270
206275
206282
206305
206323
206326
206329
206332
206335
206338
206341
206344
206347
206350
206353
206451
206459
206483
206504
206663
206701
206720
206736
206758
206799
206852
206925
206963
206966
207068
207071
207320
207323
207350
207353
207381
207384
207387
207421
207424
207492
207495
207516
207521
207524
207662
207705
207783
207827
207830
207891
207894
207904
207907
207918
207934
207938
207941
207978
207997
208000
208003
208006
208009
208012
208015
208018
208021
208051
208054
208121
208124
208127
208130
208193
208196
208199
208229
208292
208295
208298
208318
208321
208324
208329
208332
208344
208394
208397
208400
208503
208520
208664
208694
208697
208715
208718
208756
208835
208843
208846
208849
208852
208855
208858
208878
208881
208891
208894
208897
208901
208928
208971
208974
208977
208980
209054
209075
209078
209081
209121
209144
209147
209150
209153
209156
209159
209162
209180
209183
209186
209210
209223
209226
209241
209244
209247
209250
209253
209256
209259
209262
209265
209268
209271
209308
209311
209314
209317
209320
209323
209326
209329
209332
209335
209338
209344
209347
209350
209395
209398
209401
209404
