411738
1
8
18
68
71
103
144
147
158
165
173
176
183
223
226
229
232
235
252
255
259
262
265
268
271
274
277
283
286
289
292
308
311
314
317
320
323
326
334
337
340
353
356
359
362
365
374
377
380
383
394
397
400
403
485
489
506
509
512
515
532
584
587
590
593
596
599
611
614
623
626
629
638
641
654
657
667
715
718
729
732
735
755
763
766
769
780
806
819
822
825
828
843
862
865
870
873
878
909
954
989
992
1001
1007
1031
1034
1037
1040
1043
1047
1050
1053
1056
1059
1120
1123
1127
1131
1134
1137
1140
1143
1146
1149
1152
1156
1159
1162
1165
1168
1171
1176
1179
1182
1185
1188
1191
1194
1197
1200
1203
1206
1213
1216
1219
1222
1225
1228
1249
1268
1281
1301
1304
1307
1316
1319
1322
1325
1328
1331
1334
1341
1363
1378
1390
1393
1396
1399
1409
1413
1416
1419
1423
1428
1431
1434
1437
1448
1451
1454
1457
1518
1521
1524
1541
1544
1547
1550
1553
1556
1579
1582
1585
1588
1591
1594
1597
1607
1610
1613
1616
1619
1625
1634
1637
1640
1674
1677
1680
1712
1715
1725
1728
1758
1811
1814
1823
1839
1842
1845
1848
1851
1854
1857
1880
1901
1904
1907
1910
1917
1920
1938
1941
1944
1948
1951
1961
1970
1973
2007
2021
2043
2073
2076
2107
2110
2118
2121
2125
2128
2132
2135
2138
2141
2173
2176
2182
2191
2194
2197
2201
2204
2210
2213
2216
2219
2222
2229
2232
2271
2274
2277
2280
2288
2291
2294
2297
2300
2303
2315
2342
2345
2380
2386
2389
2397
2400
2403
2406
2411
2414
2418
2421
2430
2433
2436
2445
2448
2457
2462
2794
2842
3128
3242
3352
3355
3358
3361
3364
3367
3371
3374
3377
3381
3384
3388
3397
3400
3403
3406
3409
3412
3415
3419
3422
3425
3428
3431
3434
3437
3440
3443
3447
3450
3453
3456
3490
3494
3497
3506
3545
3548
3563
3566
3569
3572
3575
3579
3582
3585
3588
3611
3618
3621
3624
3665
3668
3671
3752
3755
3758
3790
3793
3796
3932
3935
3939
3944
3947
3956
3959
3962
3977
3980
3990
3993
3996
4005
4008
4029
4033
4126
4129
4141
4144
4147
4298
4301
4304
4310
4313
4345
4348
4351
4354
4395
4398
4415
4418
4439
4505
4508
4511
4543
4547
4606
4628
4659
4696
4699
4786
4824
4923
5076
5110
5115
5174
5177
5180
5183
5186
5199
5202
5205
5213
5216
5219
5395
5400
5483
5573
5576
5579
5582
5585
5588
5591
5594
5597
5600
5603
5606
5609
5612
5615
5618
5622
5625
5634
5637
5643
5646
5649
5652
5670
5673
5701
5704
5707
5732
5748
5751
5782
5785
5788
5795
5798
5806
5809
5812
5827
5830
5833
5836
5840
5843
5850
5856
5860
5863
5873
5876
5883
5888
5975
5978
5981
5984
6030
6078
6081
6095
6122
6125
6128
6131
6134
6137
6140
6143
6148
6151
6154
6169
6173
6176
6190
6198
6201
6215
6218
6221
6251
6310
6313
6316
6319
6322
6332
6335
6338
6341
6344
6347
6350
6373
6376
6379
6382
6385
6389
6428
6431
6453
6456
6459
6482
6485
6488
6492
6496
6510
6513
6527
6553
6556
6561
6564
6569
6572
6597
6606
6609
6612
6620
6623
6626
6629
6640
6643
6652
6655
6674
6678
6682
6685
6712
6715
6718
6721
6728
6732
6743
6746
6751
6757
6760
6763
6766
6769
6772
6775
6780
6797
6803
6806
6809
6813
6817
6820
6844
6847
6850
6853
6862
6865
6886
6901
6904
6908
6911
6914
6917
6920
6925
6929
6937
6940
6943
6946
6953
6956
6961
6972
6977
6980
6983
6994
6997
7003
7006
7009
7021
7024
7044
7057
7060
7063
7072
7077
7082
7085
7089
7103
7106
7121
7125
7128
7251
7407
7419
7523
7552
7559
7573
7577
7585
7588
7591
7608
7615
7618
7633
7696
7699
7723
7726
7755
7802
7807
7810
7845
7848
7851
8003
8012
8015
8019
8022
8042
8063
8066
8069
8099
8106
8114
8117
8156
8165
8169
8172
8175
8208
8223
8226
8269
8313
8316
8323
8368
8372
8380
8389
8407
8410
8413
8416
8419
8422
8425
8428
8431
8435
8438
8441
8444
8448
8451
8457
8460
8463
8466
8469
8472
8476
8479
8482
8499
8502
8505
8512
8515
8518
8522
8525
8580
8583
8787
8790
8880
8884
9006
9052
9066
9077
9080
9083
9086
9123
9130
9134
9137
9176
9202
9211
9214
9217
9220
9223
9226
9235
9239
9242
9245
9248
9251
9254
9257
9260
9263
9292
9295
9298
9301
9304
9331
9334
9337
9340
9343
9350
9362
9365
9375
9378
9414
9418
9425
9428
9431
9449
9452
9455
9458
9462
9468
9471
9474
9477
9481
9487
9505
9509
9512
9515
9550
9554
9557
9560
9567
9571
9574
9583
9609
9612
9615
9618
9633
9696
9699
9703
9706
9709
9712
9736
9755
9758
9761
9764
9767
9797
9818
9821
9837
9868
9892
9906
9929
9938
9942
9962
9965
9996
10002
10005
10051
10054
10077
10097
10100
10103
10106
10109
10112
10115
10132
10135
10138
10141
10144
10155
10161
10164
10167
10170
10173
10176
10179
10182
10185
10188
10191
10194
10197
10200
10204
10207
10210
10213
10216
10219
10222
10225
10228
10231
10243
10246
10249
10252
10255
10258
10261
10264
10269
10272
10275
10281
10284
10312
10322
10325
10328
10331
10334
10340
10343
10346
10357
10360
10375
10378
10381
10384
10387
10390
10393
10396
10399
10402
10405
10408
10419
10422
10425
10428
10431
10434
10437
10440
10443
10446
10452
10455
10458
10461
10466
10472
10475
10478
10481
10498
10509
10512
10523
10535
10538
10549
10556
10568
10595
10618
10627
10630
10633
10650
10685
10688
10691
10698
10701
10704
10724
10727
10730
10733
10736
10739
10742
10750
10753
10756
10759
10762
10770
10773
10776
10779
10782
10789
10792
10796
10799
10802
10821
10824
10834
10837
10840
10843
10852
10855
10862
10865
10868
10871
10874
10877
10880
10883
10890
10893
10896
10899
10902
10905
10908
10919
10927
10930
10933
10936
10940
10943
10946
10949
10952
10955
10958
10961
10964
10967
10970
10975
10978
10981
10984
10992
10995
10998
11001
11004
11007
11010
11013
11016
11033
11036
11039
11042
11045
11048
11051
11054
11057
11060
11063
11066
11069
11072
11075
11078
11081
11084
11087
11090
11093
11096
11099
11102
11105
11108
11111
11116
11122
11125
11128
11136
11143
11146
11149
11152
11155
11158
11164
11167
11170
11173
11176
11179
11182
11185
11188
11191
11194
11197
11200
11203
11211
11214
11217
11221
11224
11227
11230
11233
11236
11239
11243
11247
11250
11253
11256
11261
11264
11267
11270
11273
11277
11280
11283
11286
11289
11292
11296
11299
11302
11305
11308
11311
11314
11317
11320
11323
11326
11329
11332
11335
11338
11341
11344
11347
11350
11353
11356
11359
11362
11365
11368
11371
11374
11377
11381
11384
11387
11390
11393
11396
11407
11632
11635
11638
11846
11849
11852
11855
11858
11861
11864
11889
11892
11895
11898
11901
11904
11907
11910
11913
11916
11919
11922
11925
11928
11931
11934
11937
11941
11944
11950
11953
11957
11960
11964
11980
11983
11986
11991
11994
11997
12001
12004
12007
12038
12041
12044
12050
12053
12056
12059
12062
12065
12076
12079
12082
12085
12092
12095
12109
12112
12115
12118
12121
12124
12127
12130
12133
12136
12139
12142
12145
12187
12190
12193
12196
12199
12202
12206
12209
12212
12215
12218
12221
12224
12227
12230
12233
12236
12239
12242
12245
12248
12251
12254
12257
12260
12263
12266
12269
12272
12275
12278
12281
12285
12288
12291
12294
12297
12300
12303
12306
12313
12316
12327
12330
12333
12336
12339
12342
12345
12348
12351
12354
12357
12360
12363
12366
12369
12372
12375
12378
12381
12384
12387
12390
12393
12396
12399
12402
12405
12408
12411
12414
12417
12423
12426
12429
12432
12435
12438
12441
12444
12447
12450
12453
12456
12459
12462
12465
12468
12471
12474
12477
12480
12483
12486
12489
12492
12495
12501
12504
12507
12510
12513
12516
12519
12522
12526
12529
12532
12535
12538
12541
12544
12547
12550
12553
12556
12559
12562
12565
12568
12571
12574
12577
12580
12583
12586
12589
12592
12595
12598
12601
12604
12607
12610
12613
12616
12619
12622
12625
12628
12631
12634
12637
12640
12643
12646
12649
12652
12672
12697
12710
12744
12774
12777
12780
12783
12809
12835
12839
12848
12859
12872
12875
12902
12910
12913
12919
12948
12951
12977
12994
13004
13015
13023
13026
13029
13039
13042
13045
13101
13104
13107
13143
13153
13172
13175
13178
13181
13184
13187
13190
13199
13255
13258
13261
13264
13267
13270
13285
13288
13291
13294
13297
13300
13303
13345
13387
13401
13404
13431
13448
13484
13487
13499
13515
13524
13527
13532
13535
13538
13541
13544
13547
13550
13553
13556
13559
13562
13565
13568
13571
13574
13577
13580
13588
13598
13626
13632
13635
13638
13641
13644
13657
13660
13663
13667
13670
13687
13690
13710
13713
13721
13761
13857
13894
13974
13999
14002
14107
14110
14113
14164
14181
14184
14388
14391
14401
14422
14427
14451
14670
14682
14686
14873
14876
14879
14941
14944
14990
14993
14996
15264
15272
15275
15300
15415
15427
15431
15434
15476
15479
15485
15488
15491
15494
15507
15510
15514
15517
15520
15534
15564
15573
15576
15579
15587
15590
15594
15597
15600
15616
15619
15622
15627
15630
15654
15679
15682
15685
15724
15738
15741
15777
15780
15791
15799
15802
15805
15808
15942
15945
15984
15987
15990
16015
16018
16021
16024
16054
16061
16064
16069
16072
16265
16287
16290
16340
16343
16349
16352
16363
16367
16408
16411
16414
16468
16494
16638
16641
16685
16688
16705
16708
16729
16732
16761
16764
16851
16901
16910
16947
16950
16953
17243
17246
17268
17271
17274
17277
17280
17283
17286
17289
17292
17295
17298
17301
17304
17307
17310
17313
17316
17322
17325
17328
17331
17406
17409
17412
17415
17418
17421
17424
17432
17435
17438
17523
17526
17602
17605
17665
17679
17723
17726
17733
17736
17739
17773
17776
17779
17819
17822
17825
17828
17856
17859
17875
17916
17919
17922
17925
17928
17931
17934
17937
17940
18005
18008
18018
18034
18037
18040
18043
18046
18049
18123
18161
18164
18167
18219
18229
18246
18335
18446
18449
18452
18455
18458
18474
18477
18480
18519
18544
18547
18765
18896
18915
18945
18948
19028
19031
19034
19037
19040
19043
19046
19049
19052
19077
19171
19174
19222
19225
19228
19262
19265
19268
19285
19288
19291
19306
19309
19351
19354
19361
19368
19371
19374
19377
19380
19383
19386
19389
19392
19395
19398
19401
19404
19407
19410
19413
19419
19422
19425
19428
19431
19434
19437
19440
19443
19446
19449
19452
19455
19463
19466
19469
19472
19475
19478
19481
19484
19487
19490
19493
19496
19504
19507
19510
19513
19516
19524
19527
19530
19533
19536
19542
19545
19548
19551
19554
19557
19574
19579
19582
19585
19588
19591
19596
19602
19605
19609
19612
19615
19625
19628
19631
19634
19678
19752
19755
19758
19856
19859
19862
19865
19868
19871
19874
19877
19880
19883
19886
19889
19892
19895
19898
19901
19904
19992
20036
20039
20370
21799
21802
21810
21813
21816
22525
22642
23104
23109
23112
23707
23710
23713
23763
23766
23769
23777
25381
25384
25387
25390
25393
25396
26166
26169
26172
26187
26772
26775
26778
26781
26784
26787
26790
26819
26822
26825
26828
26831
26834
26837
26840
26979
26982
26985
26988
28198
28203
28206
28209
28212
28215
29253
29256
29259
29262
29289
29293
29296
29299
29302
29407
29410
29599
29602
29605
29608
30355
30358
30361
30367
30370
30373
30578
30582
30935
30943
30946
31002
31012
31015
31018
31499
31502
31664
31917
31932
31935
31938
31941
32159
32162
32306
32309
32312
32315
32501
32564
32579
32582
32585
32787
32867
32924
32927
32930
32933
33060
33063
33066
33069
33181
33184
33187
33190
33235
33241
33244
33247
33400
34361
34364
34367
34371
35814
35817
35820
35823
35826
35829
35832
35835
35838
35841
35844
35941
35976
35979
35982
35985
35988
35991
35994
35997
36218
36221
36249
36610
36613
36616
36619
36622
36625
36628
36634
37153
37156
37159
37162
37165
37168
37171
37174
37209
37212
37215
37218
37221
37224
37227
37230
37233
37236
37245
37312
37315
37318
37321
37324
37327
37330
37333
37336
37340
37348
37362
37365
37428
37431
37434
37437
37440
37443
37446
37449
37452
37455
37458
37461
37464
37467
37470
37473
37476
37518
37521
37524
37527
37530
37533
37536
37539
37542
37547
37550
37553
37556
37565
37568
37571
37574
37577
37580
37583
37586
37589
37592
37595
37598
37602
37605
37609
37612
37615
37684
37687
37695
37698
37703
37710
37713
37984
37994
37997
38010
38023
38028
38056
38059
38119
38293
38383
38569
38629
38632
38635
38638
38641
38644
38647
38650
38653
38656
38659
38664
38667
38670
38728
38810
38813
38895
38903
38906
38935
39069
39086
39089
39115
39118
39202
39796
39799
39802
39805
39808
39811
40005
40008
40011
40014
40017
40020
40029
40032
40042
40045
40062
40083
40086
40096
40126
40129
40160
40163
40183
40501
40990
40993
40996
40999
41002
41006
41009
41012
41607
41610
41613
41616
41728
41731
41734
41737
42242
42245
42248
42455
42458
42461
42464
43325
43328
43331
43427
43513
43516
43519
43522
43597
43600
43669
43702
43705
43747
43750
43957
43960
43963
44076
44079
44082
44085
44088
44091
44094
44097
44100
44195
44198
44247
44250
44422
44500
44503
44506
44641
44644
44647
44650
44653
44741
44903
45147
45150
45210
45213
45216
45325
45328
45331
45334
45337
45405
45408
45589
45593
45674
45677
45680
45874
46182
46185
46188
46191
46397
46400
46403
46507
46510
46583
46664
46667
46670
46674
46677
46680
46683
47215
47218
47221
47224
48700
48703
48706
48709
48712
48719
48722
48733
48754
48757
48760
48763
48766
48769
48788
48791
48794
48803
48834
48847
48850
48887
48890
48944
49015
49022
49025
49047
49051
49054
49085
49194
49197
49200
49203
49379
49656
49690
49693
49696
49699
49702
49705
49708
50002
50005
50099
50102
50105
50290
50395
50398
50508
50511
50514
50517
50690
50693
50696
50699
50735
50738
50768
50814
50817
50820
50823
50826
50829
50832
50835
50912
50915
50993
50996
50999
51002
51171
51174
51178
51181
51195
51198
51208
51212
51215
51218
51221
51224
51231
51239
51244
51247
51250
51253
51256
51259
51262
51265
51268
51271
51274
51277
51280
51283
51288
51328
51352
51355
51358
51362
51387
51445
51643
51673
51694
51697
51700
51703
51706
51709
51713
51716
51726
51730
51738
51765
51769
51844
51847
51873
51910
51917
51932
51935
51939
51942
51964
51980
52005
52013
52033
52112
52140
52143
52173
52231
52253
52256
52309
52326
52329
52332
52335
52338
52341
52344
52356
52359
52362
52366
52369
52372
52375
52385
52419
52433
52460
52512
52515
52518
52522
52525
52536
52539
52542
52545
52572
52636
52639
52647
52650
52653
52683
52686
52689
