422019
1
7
10
13
16
20
23
26
29
32
58
61
64
67
70
74
77
80
83
86
89
92
98
101
104
107
110
114
117
120
123
126
130
133
136
148
151
154
185
188
191
207
210
213
216
219
225
228
231
234
237
240
243
246
249
252
255
258
261
264
267
270
276
279
282
285
288
295
298
301
355
358
361
364
367
370
373
376
379
382
385
388
391
424
562
565
568
571
585
588
591
594
597
600
603
606
609
612
615
618
621
624
627
630
633
636
639
642
645
655
658
661
670
673
679
689
692
701
704
707
711
714
730
733
736
768
771
774
794
798
802
805
832
835
863
899
925
931
999
1002
1061
1064
1067
1070
1127
1130
1133
1136
1269
1272
1377
1380
1383
1390
1393
1396
1509
1526
1529
1582
1586
1602
1624
1627
1676
1682
1698
1875
1878
1881
1884
1887
1917
1936
2004
2064
2067
2106
2132
2148
2158
2161
2176
2179
2182
2192
2198
2238
2241
2245
2252
2255
2258
2348
2351
2354
2367
2370
2373
2376
2379
2384
2415
2434
2453
2456
2461
2464
2520
2523
2546
2551
2554
2557
2560
2563
2566
2569
2774
2777
2802
2805
2808
2812
2815
2916
2921
2924
2927
2930
2934
3073
3202
3205
3239
3249
3294
3414
3417
3421
3424
3446
3462
3465
3487
3490
3493
3496
3499
3502
3505
3514
3517
3541
3544
3547
3580
3603
3606
3630
3644
3650
3690
3693
3701
3704
3720
3744
3813
3816
3819
3822
3826
3845
3848
3886
3941
3944
3950
3953
3966
3971
3983
3986
3989
3993
3998
4004
4007
4037
4040
4043
4046
4058
4115
4172
4176
4179
4235
4238
4241
4244
4248
4260
4291
4295
4298
4329
4418
4431
4434
4437
4440
4528
4531
4568
4571
4629
4632
4635
4656
4659
4662
4680
4731
4757
4831
4834
4837
4840
4843
4852
4855
4916
4998
5001
5028
5050
5055
5058
5061
5073
5076
5105
5108
5118
5140
5143
5176
5179
5182
5185
5188
5191
5197
5220
5275
5316
5322
5325
5371
5419
5431
5434
5481
5484
5513
5516
5527
5535
5564
5573
5576
5579
5600
5603
5606
5609
5612
5615
5618
5621
5624
5627
5630
5633
5636
5647
5650
5670
5673
5676
5686
5696
5699
5712
5722
5725
5736
5739
5742
5745
5748
5752
5755
5758
5761
5764
5767
5770
5773
5776
5779
5782
5785
5788
5791
5794
5797
5800
5803
5806
5809
5819
5822
5834
5837
5840
5847
5851
5854
5857
5860
5863
5866
5869
5872
5877
5880
5883
5886
5889
5892
5895
5898
5901
5904
5907
5910
5913
5916
5948
5951
5954
6009
6012
6181
6293
6296
8125
8128
8131
8134
8137
8140
8160
8163
8166
8169
8172
8175
8178
8181
8184
8187
8190
8537
8540
8543
8549
8565
8568
8571
8575
8583
8591
8594
8612
8621
8626
8630
8636
8639
8649
8652
8672
8683
8689
8692
8779
8783
8786
8812
9463
9481
9484
9487
9491
10085
10088
10091
10094
10102
10105
10108
10111
10122
10125
10128
10131
10134
10137
10141
10212
10215
10218
10221
10224
10227
10235
10238
10241
10244
10247
10250
10253
10259
10262
10265
10268
10271
10274
10277
10280
10283
10286
10289
10292
10297
10311
10314
10318
10332
10350
10353
10356
10359
10362
10380
10383
10386
10389
10398
10402
10405
10452
10455
10458
10461
10464
10467
10470
10473
10476
10479
10482
10485
10489
11237
11435
11727
12125
12561
12746
12749
12752
12755
12758
12761
12764
12767
13156
13159
13162
13165
13168
13171
13234
13237
13240
13243
13267
13270
13273
13276
13356
13359
13362
13365
13368
13371
13374
13377
13391
13394
13397
13400
13404
13407
13511
13514
13517
13520
13523
13526
13529
13532
13625
13628
13631
13634
13637
13643
13646
13649
13725
13728
13782
13787
13790
13793
13796
13799
13854
13857
13860
13863
13866
13869
13872
13875
13878
13920
13924
13927
14002
14005
14008
14018
14061
14064
16319
16322
16325
16481
16484
16487
16490
16493
16496
16499
16502
16505
16508
16511
16514
16549
16552
16555
16558
16561
16564
16567
16570
16586
16589
16604
16607
16610
16613
16616
16620
16625
16628
16631
16634
16637
16641
16644
16736
16739
16782
16785
16826
16874
16877
16921
16924
16927
16939
16942
16961
16964
16967
16970
16974
16978
16981
17012
17020
17040
17069
17072
17177
17203
17211
17223
17226
17241
17251
17254
17330
17512
17515
17518
17521
17524
17527
17530
17533
17536
17539
17542
17545
17548
17551
17556
17559
17817
17870
17964
17967
18077
18080
18085
18822
18825
18828
18834
18961
18964
18967
18970
18973
20190
20193
20196
20199
20420
20423
20426
21370
21374
21377
21758
21780
21893
21896
21899
21970
21973
21976
21979
21982
21985
21988
21991
21994
21997
22009
22012
22015
22018
22021
22024
22027
22030
22033
22036
22039
22042
22045
22048
22051
22409
22412
22510
22513
22516
22676
23732
23735
23738
23741
24042
24049
24052
24055
24058
24061
24064
24067
24070
24073
24076
24104
25029
25032
25035
25474
25477
25480
25512
25585
25588
25591
25594
25597
25600
25603
25606
25609
25645
25648
26313
26316
26396
26399
26402
26405
26408
26416
26422
26425
26428
26431
27636
28773
28776
28928
28931
28934
28937
28940
29108
29111
29453
29456
29459
29570
29586
29589
29708
29991
29995
29998
30001
30064
30067
30070
30073
30076
30270
30555
30802
31190
31193
31196
31199
31467
31590
31593
31596
31599
31631
31836
31839
31842
31845
31848
31928
32061
32064
32067
32223
32226
32752
32755
32758
32969
32972
32975
32978
32981
33125
33128
33131
33134
33307
33407
33410
33500
33503
33534
33537
33825
33828
33831
33843
33846
33849
34424
34505
34508
34511
34514
34517
34679
34682
34798
34801
34804
34807
34810
34814
34817
34840
35016
35019
35022
35025
35091
35094
35235
35238
35241
35244
35646
35649
35652
35655
35886
35889
36385
36420
36423
36426
36429
36435
36438
36531
36610
36613
36616
36620
36623
36626
36629
36633
36636
36639
36642
36645
36694
36697
36700
36703
36706
36709
36712
36715
36718
36721
37626
37646
37649
37652
37655
37658
37661
37665
37668
37671
37674
37677
37735
37738
38463
38466
38469
38488
38491
38494
38497
38500
38503
38506
38528
38531
38614
38617
38620
38623
38706
38752
38756
38762
39525
39528
39531
39774
39777
40197
40200
40204
40207
40210
40213
40216
40219
40238
40261
40267
40299
40302
40333
40342
40345
40349
40352
40355
40358
40361
40364
40367
40370
40373
40376
40379
40382
40385
40410
40413
40416
40419
40657
40764
41326
41337
41529
41532
41749
41752
41793
41820
41823
41826
41954
41957
41960
41963
42003
42055
42085
42092
42126
42129
42308
42311
42314
42356
42359
42450
42495
42601
42604
42656
42659
42683
42686
42689
42710
42713
42761
42764
42812
42815
42941
42944
42961
42964
42967
42970
42979
42984
42989
42992
43001
43004
43009
43012
43020
43023
43093
43096
43099
43102
43105
43108
43111
43131
43135
43180
43246
43269
43284
43287
43290
43303
43322
43381
43384
43404
43425
43428
43431
43446
43449
43473
43476
43479
43482
43485
43488
43516
43519
43549
43552
43555
43558
43561
43587
43590
43593
43598
43601
43604
43607
43622
43625
43630
43633
43672
43675
43685
43688
43691
43694
43718
43790
43821
43824
43855
43858
43879
43882
43885
43888
43891
43894
43934
43937
44283
44291
44294
44297
44300
44314
44321
44334
44342
44345
44949
44952
44962
44966
44971
45313
45321
45324
45327
45330
45333
45336
45339
45342
45345
45348
45351
45354
45357
45360
45363
45366
45369
45372
45375
45378
45381
45384
45387
45390
45393
45396
