42816
1
9
109
157
160
174
177
183
186
189
192
195
198
201
204
207
210
213
216
219
222
225
228
231
234
237
240
243
246
249
252
255
258
261
264
267
270
273
276
279
282
285
703
706
709
712
715
718
721
724
727
731
734
756
767
770
795
822
825
833
845
848
877
880
883
1108
1111
1114
1117
1120
1123
1126
1129
1132
1135
1138
1141
1144
1147
1150
1154
1160
1163
1166
1169
1172
1176
1179
1182
1189
1194
1197
1200
1208
1211
1214
1217
1225
1228
1236
1239
1242
1247
1250
1253
1298
1323
1326
1350
1353
1356
1359
1368
1371
1374
1377
1380
1383
1386
1389
1392
1395
1399
1402
1405
1410
1421
1424
1427
1430
1433
1436
1439
1442
1465
1482
1485
1489
1512
1515
1518
1521
1540
1543
1546
1868
1993
1996
1999
2002
2005
2008
2011
2014
2017
2020
2023
2026
2104
2107
2110
2113
2116
2119
2122
2125
2128
2134
2137
2145
2148
2159
2162
2172
2175
2181
2184
2208
2211
2222
2225
2238
2241
2244
2247
2250
2253
2256
2269
2272
2275
2278
2481
2491
2494
2497
2531
2534
2559
2568
2571
2625
2679
2682
2724
2727
2739
2749
2754
2757
2761
2780
2805
2823
2826
2839
2873
2876
2891
2894
2901
2913
2937
2940
2967
2988
2991
2994
2999
3009
3018
3021
3025
3028
3031
3037
3045
3050
3053
3060
3066
3069
3072
3081
3123
3179
3182
3185
3188
3244
3247
3283
3286
3289
3292
3328
3331
3353
3397
3400
3405
3408
3443
3478
3481
3502
3738
3747
3750
4054
4104
4107
4110
4125
4128
4131
4205
4214
4286
4289
4292
4320
4323
4352
4355
4358
4361
4364
4512
4515
4519
4522
4525
4528
4531
4534
4558
4561
4564
4567
4570
4574
4579
4582
4585
4588
4625
4628
4631
4634
4637
4656
4672
4681
4684
4687
4698
4702
4705
4737
4740
4743
4746
4749
4753
4756
4771
4774
4777
4780
4793
4796
4799
4802
4808
4811
4814
4821
4826
4842
4847
4852
4855
4864
4867
4870
4879
4883
4886
4897
4900
4903
4906
4909
5483
5486
5489
5492
5495
5498
5501
5504
5507
5510
5513
5516
5519
5522
5525
5528
5531
5534
5540
5543
5566
5572
5581
5584
5587
5627
5630
5633
5636
5639
5642
5645
5666
5916
5989
6373
6376
6429
6432
6443
6446
6449
6452
6455
6458
6461
6464
6467
6470
6473
6476
6487
6490
6493
6496
6499
6506
6509
6525
6528
6531
6566
6569
6572
6581
6589
6592
6595
6608
6611
6614
6617
6631
6634
6658
6661
6670
6673
6688
6691
6694
6697
6728
6731
6762
6765
6768
6772
6775
6784
6791
6803
6806
6809
6829
6832
6856
6859
6870
6875
6878
6904
6908
6937
6940
6945
6956
6960
6963
6966
6969
6975
7000
7003
7006
7009
7012
7030
7033
7041
7048
7063
7066
7071
7074
7077
7084
7087
7090
7093
7096
7099
7102
7105
7108
7111
7114
7117
7120
7123
7126
7129
7132
7136
7145
7153
7156
7161
7164
7171
7174
7178
7181
7184
7203
7207
7210
7215
7223
7227
7230
7241
7264
7267
7271
7289
7292
7298
7301
7335
7338
7341
7344
7359
7406
7409
7537
7540
7543
7546
7549
7561
7564
7567
7588
7591
7615
7687
7690
7694
7697
7703
7755
7815
7818
7879
7882
7885
7888
7928
7931
8109
8112
8115
8120
8130
8157
8160
8163
8166
8174
8179
8182
8185
8196
8199
8206
8211
8226
8239
8242
8269
8276
8285
8306
8323
8329
8332
8337
8349
8352
8360
8363
8366
8369
8373
8376
8379
8396
8421
8424
8427
8430
8437
8448
8451
8454
8457
8461
8475
8485
8489
8525
8543
8560
8563
8566
8570
8573
8576
8615
8618
8621
8624
8627
8630
8633
8636
8639
8642
8645
8654
8670
8699
8702
8715
8718
8721
8724
8727
8730
8733
8736
8739
8742
8745
8748
8751
8754
8757
8760
8763
8766
8769
8772
8775
8778
8781
8784
8787
8790
8793
8796
8799
8803
8806
8809
8812
8815
8833
8836
8848
8892
8895
8911
8914
8932
8936
8940
8955
8986
8993
8996
9055
9076
9079
9090
9123
9127
9150
9232
9235
9238
9266
9343
9361
9364
9374
9380
9383
9389
9394
9400
9409
9412
9420
9444
9450
9465
9468
9483
9497
9551
9554
9565
9568
9575
9588
9591
9594
9597
9600
9604
9611
9614
9617
9743
9746
9749
9755
9762
9771
9774
9803
9813
9816
9819
9822
9825
9828
9832
9835
9838
9841
9844
9847
9850
9853
9856
9859
9862
9865
9868
9871
9874
9877
9880
9883
9886
9893
9896
9899
9913
9916
9923
9926
9929
9932
9935
9941
9944
9947
9950
9953
9961
9964
9968
9971
9980
10022
10025
10029
10036
10046
10052
10055
10058
10061
10117
10142
10170
10173
10200
10206
10209
10212
10222
10259
10262
10267
10299
10302
10306
10318
10322
10330
10333
10337
10342
10353
10356
10359
10364
10367
10370
10373
10393
10414
10417
10423
10480
10485
10493
10510
10513
10521
10530
10533
10546
10561
10575
10578
10590
10597
10605
10620
10623
10686
10692
10697
10808
10811
10815
10847
10866
10890
10893
10949
11028
11046
11105
11108
11111
11122
11129
11132
11135
11138
11141
11149
11173
11178
11181
11184
11187
11190
11194
11198
11201
11204
11207
11210
11213
11224
11227
11230
11234
11237
11240
11243
11274
11302
11325
11328
11335
11338
11341
11344
11347
11383
11386
11389
11392
11395
11398
11401
11407
11410
11414
11829
11832
11848
11924
11927
12035
12038
12041
12070
12083
12087
12120
12132
12135
12139
12142
12149
12158
12169
12173
12179
12182
12187
12190
12194
12198
12201
12208
12211
12214
12230
12233
12245
12290
12294
12309
12315
12327
12330
12333
12354
12370
12391
12394
12402
12405
12409
12421
12424
12427
12432
12435
12448
12469
12503
12507
12510
12513
12518
12521
12586
12594
12599
12602
12617
12620
12623
12626
12629
12632
12635
12639
12648
12651
12655
12658
12661
12672
12685
12688
12691
12701
12704
12707
12710
12713
12722
12732
12746
12749
12752
12758
12761
12764
12780
12783
12786
12789
12792
12795
12798
12801
12804
12807
12810
12813
12817
12824
12834
12838
12845
12848
12874
12877
12889
12892
12895
12898
12901
12904
12907
12910
12913
12916
12942
12945
12948
12951
12971
12974
12980
12983
12990
12993
13001
13005
13009
13012
13037
13043
13048
13063
13075
13078
13083
13086
13089
13095
13098
13101
13111
13125
13131
13136
13143
13157
13163
13175
13180
13183
13186
13193
13196
13199
13204
13207
13215
13218
13221
13224
13230
13233
13238
13241
13244
13247
13250
13255
13258
13262
13265
13268
13284
13318
13321
13327
13330
13333
13336
13339
13343
13359
13367
13370
13375
13382
13385
13388
13391
13426
13429
13432
13435
13438
13441
13444
13447
13450
13453
13456
13552
13582
13589
13592
13595
13598
13756
13759
13848
13851
13854
13857
13866
13869
13872
13908
13911
13920
13923
13926
13929
13932
13964
13967
13970
13976
13979
13982
13985
13988
13996
13999
14002
14005
14008
14011
14014
14017
14020
14023
14026
14029
14032
14035
14038
14041
14044
14101
14244
14451
14454
14486
14499
14566
14599
14614
14617
14660
14678
14720
14887
14988
14992
15014
15283
15379
15382
15385
15388
15391
15429
15432
15435
15438
15441
15444
15447
15455
15458
15461
15464
15471
15474
15493
15535
15572
15575
15578
15581
15584
15587
15595
15598
15626
15629
15658
15768
15822
15866
15869
15872
15877
15880
15883
15921
15939
16006
16016
16219
16234
16280
16283
16286
16289
16342
16345
16358
16409
16412
16415
16418
16422
16425
16428
16465
16468
16471
16477
16480
16483
16486
16489
16499
16502
16505
16508
16511
16514
16517
16520
16568
16571
16574
16577
16580
16588
16591
16594
16597
16600
16603
16614
16617
16620
16623
16626
16629
16632
16635
16638
16641
16644
16647
16650
16653
16656
16659
16662
16670
16673
16676
16679
16682
16685
16688
16691
16694
16697
16700
16706
16709
16723
16731
16734
16740
16762
16786
16789
16805
16808
16824
16827
16830
16833
16837
16848
16851
16859
16862
16866
16895
16898
16902
16905
16945
16948
16952
16955
16959
16964
16970
16973
16988
16992
16995
16998
17001
17011
17019
17022
17029
17045
17048
17051
17056
17061
17064
17067
17070
17094
17097
17100
17103
17111
17123
17126
17131
17137
17144
17150
17154
17158
17187
17196
17207
17220
17224
17227
17241
17245
17264
17267
17276
17279
17285
17293
17296
17299
17302
17307
17359
17364
17371
17387
17404
17423
17426
17430
17434
17437
17440
17443
17468
17474
17478
17481
17493
17516
17519
17522
17526
17529
17532
17537
17541
17551
17558
17565
17570
17573
17576
17579
17590
17593
17605
17650
17682
17685
17707
17711
17714
17764
17767
17781
17787
17812
17824
17837
17840
17845
17855
17862
17865
17868
17939
17942
18003
18014
18029
18067
18088
18115
18119
18122
18125
18128
18131
18173
18176
18197
18201
18210
18215
18218
18264
18271
18280
18283
18299
18307
18316
18332
18337
18372
18375
18378
18381
18397
18400
18403
18408
18411
18433
18438
18441
18456
18459
18462
18498
18524
18535
18538
18543
18546
18549
18556
18559
18562
18569
18601
18614
18624
18640
18645
18648
18658
18661
18675
18702
18705
18743
18752
18782
18793
18811
18814
18817
18820
18848
18851
18892
18919
18924
19036
19039
19042
19052
19061
19074
19083
19160
19163
19194
19281
19284
19287
19290
19333
19336
19339
19353
19356
19359
19362
19371
19422
19451
19460
19463
19472
19475
19478
19481
19523
19526
19549
19567
19570
19573
19576
19579
19582
19585
19588
19591
19598
19601
19605
19608
19624
19634
19637
19640
19646
19649
19653
19656
19659
19662
19665
19668
19674
19677
19680
19683
19686
19689
19692
19740
19743
19746
19749
19752
19755
19758
19761
19764
19767
19770
19774
19783
19803
19806
19825
19834
19837
19857
19860
19863
19867
19870
19873
19880
19883
19886
19895
19898
19907
19918
19921
19945
19960
19963
19982
20001
20004
20021
20024
20027
20030
20034
20071
20083
20099
20120
20123
20126
20129
20133
20136
20139
20150
20153
20164
20173
20176
20195
20211
20214
20217
20223
20231
20241
20244
20247
20254
20266
20269
20282
20285
20288
20309
20327
20348
20351
20354
20357
20360
20363
20366
20369
20372
20375
20378
20381
20384
20387
20390
20393
20397
20400
20403
20406
20409
20412
20415
20418
20421
20424
20427
20430
20433
20436
20441
20444
20447
20452
20455
20458
20462
20465
20482
20485
20488
20491
20494
20497
20501
20504
20507
20510
20513
20516
20519
20522
20525
20528
20531
20534
20538
20541
20544
20549
20552
20555
20558
20561
20564
20567
20573
20576
20579
20583
20586
20589
20608
20611
20614
20617
20620
20623
20638
20641
20645
20648
20651
20654
20657
20660
20663
20666
20669
20672
20675
20678
20681
20687
20690
20694
20697
20700
20760
20788
20791
20829
20849
20852
20971
21033
21135
21151
21154
21181
21184
21329
21332
21370
21383
21409
21412
21416
21419
21455
21477
21480
21537
21589
21597
21643
21646
21655
21658
21661
21664
21670
21673
21676
21679
21682
21685
21688
21691
21694
21697
21700
21703
21706
21709
21716
21719
21722
21732
21735
21738
21741
21745
21748
21753
21756
21759
21762
21765
21768
21771
21774
21777
21780
21783
21786
21789
21792
21795
21798
21801
21804
21807
21815
21818
21826
21829
21936
21939
21952
21955
22317
22320
22323
22326
22376
22379
22382
22385
22388
22391
22394
22398
22401
22404
22407
22428
22431
22441
22451
22456
22459
22462
22465
22471
22474
22477
22480
22483
22486
22489
22492
22495
22498
22501
22504
22507
22510
22513
22520
22523
22527
22530
22534
22555
22558
22561
22564
22570
22573
22576
22582
22585
22588
22591
22610
22615
22623
22630
22640
22644
22649
22652
22659
22662
22665
22668
22673
22676
22679
22687
22690
22709
22712
22720
22735
22753
22756
22765
22768
22771
22775
22778
22826
22829
22835
22838
22841
22845
22858
22865
22898
22901
22904
22907
22911
22914
22917
22934
22937
22957
22960
22963
22967
22970
22973
22992
22996
22999
23002
23005
23008
23023
23028
23031
23041
23044
23053
23062
23075
23078
23087
23098
23101
23110
23113
23134
23147
23178
23198
23213
23216
23219
23222
23233
23236
23239
23242
23247
23255
23264
23267
23278
23281
23311
23316
23319
23331
23334
23342
23345
23362
23366
23369
23392
23395
23406
23451
23458
23461
23464
23467
23476
23481
23484
23488
23503
23531
23545
23548
23561
23594
23597
23630
23633
23636
23639
23657
23667
23670
23673
23676
23679
23683
23688
23691
23694
23697
23700
23708
23711
23714
23743
23766
23805
23808
23851
23854
23865
23868
23878
23881
23892
23895
23898
23930
23936
23974
23977
23994
24002
24024
24047
24104
24107
24149
24158
24168
24206
24210
24213
24216
24230
24331
24355
24358
24367
24398
24401
24430
24434
24457
24462
24488
24491
24495
24537
24541
24551
24554
24573
24576
24579
24593
24644
24716
24719
24746
24768
24805
24810
24817
24872
24876
24879
24886
24889
24895
24903
24917
24920
24925
24928
24932
24935
24938
24941
24944
24947
24950
24979
24982
24985
24988
24991
24994
25010
25014
25017
25029
25034
25037
25040
25043
25046
25049
25058
25061
25064
25070
25073
25076
25079
25084
25087
25104
25138
25151
25154
25181
25190
25194
25197
25204
25209
25229
25257
25260
25263
25290
25296
25337
25379
25402
25411
25423
25426
25447
25457
25461
25495
25568
25616
25675
25678
25689
25692
25695
25705
25708
25711
25714
25737
25740
25751
25756
25759
25762
25765
25792
25800
25808
25818
25834
25837
25840
25847
25853
25874
25877
25890
25893
25908
25919
25922
25928
25931
25934
25944
25947
25950
25953
25956
25959
25962
26002
26009
26012
26018
26021
26029
26046
26049
26070
26076
26079
26082
26085
26088
26091
26094
26098
26107
26114
26128
26134
26137
26143
26157
26160
26168
26171
26183
26186
26189
26192
26195
26198
26201
26204
26214
26218
26234
26237
26240
26243
26258
26299
26302
26305
26309
26315
26318
26328
26331
26334
26337
26341
26344
26352
26355
26358
26386
26426
26447
26454
26459
26462
26465
26473
26482
26485
26499
26502
26505
26527
26530
26540
26543
26583
26586
26589
26592
26595
26622
26625
26630
26643
26651
26664
26667
26679
26702
26710
26713
26716
26738
26741
26753
26781
26784
26788
26791
26794
26824
26828
26831
26840
26843
26855
26858
26862
26865
26892
26895
26938
26966
26969
26972
26994
26998
27005
27008
27021
27024
27027
27033
27047
27053
27056
27076
27079
27082
27105
27130
27184
27187
27207
27241
27247
27250
27290
27303
27307
27310
27315
27318
27321
27332
27335
27347
27350
27353
27356
27359
27362
27365
27368
27371
27374
27377
27380
27383
27386
27389
27392
27395
27398
27401
27404
27407
27410
27413
27430
27433
27497
27500
27504
27507
27519
27524
27553
27557
27567
27574
27582
27585
27645
27648
27654
27657
27663
27666
27670
27673
27676
27689
27703
27712
27738
27741
27766
27769
27772
27775
27789
27803
27806
27827
27830
27845
27848
27851
27854
27857
27860
27865
27868
27871
27874
27877
27880
27886
27889
27892
27895
27898
27901
27904
27907
27911
27914
27917
27920
27923
27926
27929
27969
27972
27975
28046
28049
28052
28055
28095
28098
28101
28104
28282
28285
28288
28292
28295
28298
28301
28304
28307
28310
28322
28325
28328
28331
28334
28337
28340
28345
28348
28351
28354
28357
28360
28363
28366
28373
28376
28379
28382
28389
28392
28395
28398
28401
28404
28407
28410
28413
28416
28419
28422
28425
28428
28431
28434
28437
28440
28443
28446
28449
28452
28456
28459
28462
28465
28468
28471
28474
28477
28480
28483
28486
28489
28494
28497
28507
28516
28521
28524
28527
28530
28533
28536
28539
28543
28546
28549
28552
28566
28569
28572
28575
28578
28581
28592
28632
28635
28638
28644
28647
28650
28653
28680
28683
28709
28712
28720
28759
28762
28779
28782
28796
28800
28803
28828
28832
28839
28842
28845
28857
28879
28911
28914
28917
28920
28946
28949
29023
29026
29029
29065
29071
29074
29126
29129
29314
29318
29321
29324
29329
29332
29473
29501
29504
29585
29590
29593
29603
29624
29631
29634
29644
29647
29650
29667
29670
29673
29676
29679
29682
29685
29688
29691
29694
29697
29700
29703
29706
29709
29712
29715
29718
29721
29778
29781
29784
29789
29792
29795
29798
29801
29823
29854
29859
29862
29961
30029
30047
30058
30069
30072
30180
30188
30221
30299
30302
30306
30312
30319
30322
30346
30421
30424
30518
30527
30547
30572
30575
30578
30623
30664
30793
30796
30799
30811
30814
30873
30876
30894
30897
30900
30903
30906
30909
30912
30915
30918
30921
30924
30927
30930
30933
30936
30939
30959
30962
30965
30968
30971
30974
30991
30994
30997
31003
31065
31071
31075
31078
31081
31086
31089
31092
31095
31098
31106
31113
31116
31121
31129
31134
31137
31149
31152
31166
31169
31172
31189
31192
31195
31198
31201
31204
31208
31211
31214
31217
31220
31223
31226
31229
31232
31235
31238
31241
31244
31247
31250
31253
31256
31259
31262
31269
31272
31275
31278
31281
31284
31287
31290
31293
31296
31299
31302
31305
31308
31311
31314
31317
31320
31323
31326
31330
31333
31336
31339
31342
31372
31375
31378
31381
31384
31387
31390
31393
31396
31399
31402
31405
31408
31411
31414
31417
36333
36336
36339
36342
36345
36348
36351
36354
36365
36368
36371
36374
36377
36380
36383
36386
36389
36392
36395
36398
36401
36404
36407
36450
36456
36487
36490
36493
36496
36499
36503
36506
36509
36512
36515
36518
36521
36524
36527
36530
36533
36536
36539
36545
36548
36551
36554
36568
36571
36575
36585
36588
36613
36616
36638
36641
36644
36668
36671
36674
36683
36686
36704
36708
36711
36714
36727
36731
36734
36738
36741
36772
36775
36784
36787
36802
36834
36846
36850
36854
36857
36878
36881
36899
36902
36911
36914
36917
36965
36968
36984
37073
37098
37101
37137
37140
37173
37235
37294
37301
37304
37307
37336
37339
37342
37345
37380
37390
37395
37398
37401
37404
37410
37413
37426
37429
37433
37451
37454
37457
37460
37463
37466
37608
37725
37751
37754
37757
37895
37898
37901
37904
37907
37910
37916
37924
37952
37955
37964
37968
37972
37975
37998
38001
38044
38047
38079
38082
38114
38260
38323
38495
38500
38503
38507
38593
38596
38625
38642
38645
38718
38721
38735
38741
38750
38753
38809
38812
38863
38893
38896
38931
38939
38942
38945
38948
38953
38981
39063
39109
39112
39118
39121
39124
39152
39156
39159
39182
39208
39211
39214
39228
39309
39312
39315
39318
39321
39324
39327
39330
39334
39337
39342
39346
39350
39353
39356
39359
39362
39365
39368
39371
39374
39377
39424
39432
39435
39438
39441
39444
39447
39450
39476
39479
39487
39490
39494
39574
39591
39666
39722
39729
39775
39794
39802
39806
39994
39997
40007
40024
40027
40059
40116
40142
40145
40155
40159
40164
40197
40204
40211
40214
40217
40220
40223
40227
40230
40233
40292
40295
40298
40301
40304
40307
40310
40314
40317
40320
40323
40326
40330
40333
40336
40339
40401
40404
40436
40490
40493
40516
40521
40559
40671
40674
40721
40724
40727
40767
40770
40773
41012
41017
41020
41108
41141
41293
41296
41299
41339
41342
41345
41348
41351
41354
41357
41472
41475
41478
41481
41540
41543
41560
41573
41735
41827
41995
42002
42056
42130
42284
42338
42341
42352
42362
42372
42375
42378
42415
42420
42423
42442
42445
42494
42516
42529
42551
42554
42583
42603
42624
42627
42667
42701
42741
42744
42747
42761
42769
42795
42804
42808
42812
42815
42818
42821
42824
42827
42830
42833
42836
42842
42845
42889
42892
43009
43012
43015
43018
43021
43078
43191
43281
43284
43335
43338
43341
43344
43347
43350
43353
43356
43359
43362
43365
43368
43403
43406
43409
43413
43416
