431549
1
4
20
23
26
29
32
35
86
89
92
95
98
101
104
107
115
118
121
124
127
130
133
136
139
153
156
159
162
165
168
171
174
232
248
253
264
298
309
312
316
319
322
325
328
331
339
342
345
348
352
365
368
371
374
377
380
383
386
389
392
395
412
415
418
421
424
427
430
433
436
439
442
445
448
451
454
457
460
463
466
469
472
475
478
481
484
487
490
493
496
499
502
505
508
511
514
517
520
563
574
587
621
631
661
688
691
694
697
700
703
706
709
712
715
718
721
724
727
810
813
816
819
822
826
829
832
837
845
848
854
857
860
863
866
869
872
875
878
881
885
888
891
894
897
907
910
913
938
941
944
988
991
1000
1003
1006
1009
1012
1017
1023
1031
1034
1038
1061
1064
1067
1094
1109
1135
1144
1147
1257
1260
1263
1266
1269
1272
1275
1278
1281
1284
1287
1292
1295
1298
1301
1304
1307
1310
1313
1316
1319
1322
1325
1328
1331
1334
1337
1340
1343
1346
1349
1352
1355
1358
1361
1364
1367
1370
1373
1376
1379
1382
1385
1388
1391
1394
1397
1400
1403
1406
1410
1413
1416
1419
1422
1425
1428
1431
1434
1437
1440
1443
1446
1449
1452
1455
1458
1461
1464
1467
1470
1473
1476
1479
1482
1485
1488
1491
1496
1523
1544
1549
1559
1571
1585
1595
1609
1625
1630
1648
1652
1656
1659
1681
1684
1687
1703
1753
1756
1763
1766
1771
1775
1778
1782
1805
1817
1821
1824
1830
1880
1883
1886
1889
1892
1898
1910
1913
1920
1927
1930
1972
1975
1981
1989
2067
2070
2079
2112
2119
2128
2131
2139
2160
2163
2171
2174
2180
2189
2209
2212
2215
2218
2221
2249
2263
2266
2270
2273
2276
2279
2303
2386
2389
2409
2412
2415
2418
2421
2429
2435
2438
2441
2444
2448
2451
2454
2506
2511
2520
2578
2597
2665
2689
2695
2703
2811
2814
2821
2824
2872
2875
2973
2976
3017
3026
3064
3128
3142
3145
3148
3155
3158
3166
3174
3183
3188
3201
3206
3218
3235
3238
3241
3244
3247
3257
3260
3263
3266
3274
3277
3281
3406
3410
3413
3416
3424
3427
3470
3497
3500
3504
3507
3519
3561
3564
3567
3583
3586
3602
3605
3608
3612
3615
3618
3621
3624
3627
3630
3633
3636
3639
3642
3645
3657
3660
3666
3669
3672
3686
3689
3707
3719
3722
3732
3741
3744
3756
3759
3767
3770
3773
3776
3790
3812
3815
3818
3821
3824
3828
3834
3838
3842
3845
3851
3871
3874
3882
3885
3888
3900
3903
3906
3909
3921
3940
3943
3946
3949
3954
3957
3960
3963
3966
3969
3972
3975
3978
3981
4013
4018
4044
4106
4109
4116
4127
4130
4133
4136
4139
4147
4150
4153
4156
4159
4162
4204
4207
4224
4227
4230
4233
4236
4244
4277
4292
4295
4316
4324
4327
4345
4365
4368
4372
4375
4378
4381
4406
4409
4412
4415
4418
4421
4424
4427
4430
4433
4436
4439
4442
4445
4450
4453
4475
4478
4481
4484
4487
4491
4494
4497
4500
4503
4506
4509
4512
4565
4568
4571
4860
4863
4866
4869
4876
4879
4882
4885
4888
4891
4896
4899
4902
4905
4910
4914
4917
4938
4941
4944
4947
4950
4953
4956
4959
4965
4972
4982
4985
4988
4991
5004
5017
5024
5027
5030
5040
5043
5056
5059
5062
5065
5068
5071
5074
5077
5080
5084
5087
5090
5093
5274
5277
5280
5283
5286
5289
5292
5295
5307
5333
5336
5340
5343
5346
5349
5352
5355
5358
5361
5366
5369
5372
5391
5461
5632
5635
5638
5775
5781
5784
5798
5802
5886
5889
5892
5895
5932
5935
5957
5960
5989
6060
6063
6162
6165
6215
6261
6264
6418
6423
6428
6431
6434
6456
6488
6491
6537
6540
6562
6565
6568
6619
6622
6633
6649
6652
6655
6658
6661
6664
6683
6686
6696
6699
6739
6742
6745
6748
6751
6754
6759
6762
6765
6768
6771
6774
6777
6780
6783
6829
6832
6835
6838
6844
6847
6850
6853
6856
6859
6862
6873
6876
6879
6882
6885
6888
6891
6894
6922
6925
6936
7002
7139
7222
7319
7336
7380
7384
7387
7390
7393
7396
7404
7407
7596
7599
7606
7609
7689
7692
7879
7892
7895
7898
7901
7904
7907
7910
7913
7916
7919
7922
7925
7952
7955
7958
7961
7964
7967
7970
8008
8011
8014
8017
8020
8023
8026
8051
8054
8216
8219
8227
8231
8239
8266
8272
8279
8282
8285
8298
8308
8319
8325
8329
8495
8498
8505
8508
8511
8514
8574
8615
8622
8639
8652
8655
8664
8697
8700
8709
8767
8798
8954
8969
8972
9021
9079
9082
9148
9151
9164
9167
9214
9217
9224
9227
9230
9233
9334
9401
9415
9418
9424
9427
9495
9498
9501
9515
9518
9521
9531
9582
9585
9588
9625
9635
9674
9677
9727
9747
9805
9812
9816
9819
9822
9864
9867
9870
9873
9876
9896
9899
9908
10011
10014
10024
10027
10071
10074
10103
10125
10128
10201
10207
10293
10296
10308
10351
10357
10360
10366
10393
10399
10440
10443
10446
10468
10484
10504
10596
10664
10668
10708
10711
10714
10732
10735
10740
10743
10750
10782
10801
10881
10884
10941
10950
10980
11005
11008
11039
11042
11045
11058
11069
11080
11083
11086
11089
11092
11095
11098
11206
11332
11335
11350
11353
11359
11362
11366
11369
11372
11375
11378
11381
11384
11387
11390
11394
11397
11422
11425
11428
11431
11434
11440
11443
11446
11449
11452
11465
11479
11489
11492
11495
11499
11502
11505
11519
11522
11525
11528
11531
11534
11537
11550
11553
11556
11559
11564
11567
11570
11578
11581
11618
11621
11626
11629
11632
11635
11682
11685
11688
11691
11696
11699
11717
11728
11731
11755
11758
11783
11790
11793
11796
11822
11825
11879
11941
11944
11972
11975
12097
12115
12125
12129
12143
12209
12215
12218
12234
12241
12262
12265
12274
12277
12280
12362
12373
12403
12424
12427
12461
12464
12483
12486
12490
12493
12500
12504
12513
12564
12569
12572
12708
12720
12731
12734
12740
12976
12979
13140
13143
13146
13222
13251
13261
13331
13397
13422
13440
13452
13456
13462
13465
13479
13489
13628
13680
13773
13776
13784
13788
13799
13858
13861
13887
13890
13893
13908
13951
13985
13988
14103
14106
14115
14118
14127
14153
14156
14187
14190
14201
14204
14235
14261
14334
14385
14402
14405
14484
14496
14499
14502
14505
14508
14511
14514
14517
14520
14523
14526
14529
14532
14535
14539
14583
14603
14606
14609
14612
14620
14643
14648
14652
14656
14659
14666
14743
14746
14755
14758
14761
14764
14767
14770
14773
14776
14779
14782
14785
14788
14791
14794
14797
14800
14803
14806
14809
14812
14815
14818
14822
14825
14828
14831
14834
14837
14840
14843
14846
14862
14865
14868
14871
14884
14887
14890
14893
14896
14899
14902
14905
14911
14914
14917
14932
14935
14940
14946
14949
14956
14959
14963
14968
14971
14975
14978
14981
14986
14989
14992
15009
15012
15015
15018
15021
15024
15027
15030
15034
15037
15040
15074
15090
15093
15096
15099
15102
15105
15108
15111
15114
15123
15126
15129
15136
15140
15160
15163
15181
15184
15196
15206
15230
15233
15249
15260
15280
15287
15290
15327
15331
15357
15360
15363
15366
15436
15439
15442
15446
15449
15466
15469
15478
15481
15508
15522
15525
15528
15593
15643
15646
15744
15747
15750
15760
15764
15767
15770
15773
15889
15892
15910
15914
15917
15920
15923
15933
15939
15942
15945
16034
16081
16084
16090
16095
16141
16170
16173
16288
16357
16376
16408
16411
16414
16417
16420
16442
16445
16491
16494
16532
16558
16561
16567
16587
16660
16740
16845
16848
16867
16881
16889
16892
16980
16983
16992
16995
16998
17023
17026
17029
17032
17039
17042
17087
17090
17093
17173
17176
17180
17183
17186
17202
17207
17212
17215
17223
17226
17229
17232
17235
17238
17241
17244
17252
17272
17277
17280
17283
17286
17295
17298
17301
17327
17363
17367
17378
17382
17385
17392
17461
17464
17467
17494
17506
17509
17512
17515
17519
17526
17531
17535
17538
17541
17544
17547
17554
17557
17570
17606
17621
17663
17670
17673
17677
17717
17721
17724
17727
17730
17743
17746
17749
17752
17755
17758
17761
17764
17772
17781
17784
17787
17790
17793
17796
17800
17803
17806
17810
17813
17816
17819
17822
17825
17828
17831
17834
17837
17840
17843
17847
17850
17853
17856
17859
17862
17865
17868
17871
17874
17877
17880
17883
17886
17889
17892
17895
17898
17901
17904
17907
17910
17913
17917
17921
17924
17927
17930
17936
17939
17942
17945
17948
17951
17954
17957
17960
17963
17966
17969
17972
17975
17978
17982
17985
17988
17991
17994
17997
18000
18003
18006
18009
18012
18015
18018
18021
18024
18027
18030
18033
18036
18039
18042
18045
18048
18051
18054
18057
18060
18063
18066
18069
18072
18075
18078
18081
18084
18087
18090
18093
18096
18099
18104
18107
18110
18114
18117
18120
18123
18126
18129
18133
18136
18141
18144
18147
18172
18175
18178
18181
18189
18192
18196
18199
18202
18205
18208
18211
18214
18222
18225
18228
18231
18234
18237
18240
18243
18246
18249
18252
18256
18259
18262
18269
18272
18277
18280
18285
18288
18291
18294
18297
18303
18306
18309
18312
18315
18318
18321
18324
18327
18330
18333
18336
18339
18342
18345
18348
18353
18356
18359
18362
18365
18368
18371
18374
18377
18380
18383
18386
18389
18392
18395
18398
18401
18404
18407
18410
18413
18416
18420
18423
18426
18430
18433
18441
18445
18448
18452
18455
18458
18461
18464
18467
18470
18474
18477
18480
18483
18486
18489
18494
18497
18500
18503
18506
18509
18512
18516
18519
18523
18526
18529
18532
18536
18539
18542
18545
18548
18551
18554
18557
18560
18563
18567
18571
18574
18577
18580
18583
18586
18589
18592
18595
18598
18601
18604
18607
18610
18613
18632
18635
18638
18641
18649
18652
18656
18659
18662
18665
18668
18674
18677
18680
18683
18690
18698
18701
18704
18707
18710
18713
18716
18719
18729
18732
18738
18741
18746
18749
18753
18758
18766
18773
18781
18784
18788
18791
18795
18812
18822
18826
18829
18832
18835
18838
18849
18860
18863
18866
18874
18877
18880
18883
18889
18900
18903
18908
18911
18914
18917
18920
18923
18926
18931
18945
18948
18952
18955
18960
18963
18966
18972
18975
18978
18982
18990
18996
18999
19012
19015
19022
19026
19030
19033
19044
19047
19050
19053
19056
19059
19063
19067
19070
19073
19076
19079
19088
19091
19094
19097
19100
19103
19107
19110
19113
19116
19119
19139
19145
19148
19151
19154
19157
19160
19172
19175
19179
19186
19189
19192
19196
19199
19202
19205
19208
19212
19215
19218
19224
19227
19230
19233
19242
19246
19249
19252
19256
19259
19262
19265
19268
19271
19281
19285
19289
19292
19295
19298
19303
19306
19309
19314
19319
19326
19344
19348
19351
19359
19362
19365
19370
19373
19376
19379
19382
19385
19391
19394
19400
19403
19408
19411
19418
19424
19428
19440
19443
19448
19463
19468
19474
19478
19481
19490
19495
19498
19501
19504
19507
19515
19518
19523
19526
19529
19534
19537
19549
19552
19555
19561
19565
19569
19572
19576
19579
19586
19589
19592
19595
19599
19602
19613
19617
19620
19633
19636
19645
19648
19651
19656
19660
19663
19676
19679
19684
19688
19691
19697
19700
19704
19711
19714
19757
19760
19783
19786
19795
19806
19817
19824
19828
19831
19840
19848
19854
19857
19860
19863
19871
19874
19880
19883
19894
19897
19904
19911
19914
19925
19928
19936
19939
19942
19945
19949
19952
19955
19958
19961
19966
19971
19974
19979
19982
20002
20005
20009
20014
20017
20020
20034
20039
20045
20048
20051
20054
20057
20060
20063
20066
20069
20072
20080
20083
20086
20089
20093
20096
20099
20102
20105
20108
20111
20114
20117
20123
20128
20132
20135
20139
20143
20147
20150
20153
20165
20169
20175
20178
20191
20195
20198
20201
20204
20243
20257
20265
20278
20281
20284
20298
20303
20311
20314
20322
20338
20341
20344
20347
20351
20354
20360
20364
20379
20384
20388
20391
20394
20398
20410
20423
20426
20430
20433
20437
20441
20444
20447
20451
20454
20457
20460
20466
20469
20472
20475
20481
20485
20489
20492
20507
20510
20513
20516
20519
20526
20535
20538
20541
20544
20547
20550
20555
20597
20600
20604
20607
20610
20652
20655
20676
20716
20719
20736
20751
20781
20796
20800
20803
20810
20813
20816
20819
20822
20825
20828
20831
20837
20854
20857
20860
20883
20886
20889
20892
20904
20908
20953
20958
20961
20978
20999
21006
21009
21059
21086
21089
21092
21095
21104
21110
21146
21149
21178
21197
21200
21214
21217
21220
21230
21233
21236
21243
21249
21256
21312
21315
21365
21368
21371
21414
21461
21465
21468
21492
21495
21512
21515
21557
21560
21577
21580
21664
21668
21671
21674
21691
21694
21705
21708
21757
21760
21788
21828
21831
21858
21861
21919
21924
21961
21964
21967
21970
21986
22002
22008
22013
22016
22019
22022
22065
22095
22102
22105
22139
22142
22145
22148
22164
22167
22170
22247
22330
22333
22339
22342
22346
22364
22367
22370
22373
22376
22379
22387
22397
22400
22462
22466
22473
22476
22479
22489
22492
22496
22499
22502
22505
22508
22511
22515
22518
22521
22527
22530
22533
22536
22539
22542
22545
22548
22554
22562
22568
22571
22576
22608
22611
22626
22629
22632
22635
22638
22641
22644
22647
22651
22654
22657
22660
22663
22666
22848
22866
22876
22879
22882
22885
22888
22891
22894
22897
22900
22903
22906
22943
22961
23006
23034
23037
23040
23052
23055
23079
23124
23127
23130
23133
23136
23139
23182
23185
23198
23201
23204
23207
23263
23341
23344
23355
23358
23361
23364
23367
23370
23385
23388
23391
23394
23405
23408
23417
23421
23424
23427
23437
23441
23460
23463
23469
23472
23490
23521
23530
23572
23596
23602
23613
23621
23624
23627
23636
23639
23642
23645
23648
23656
23659
23662
23670
23699
23705
23755
23788
23810
23813
23816
23851
23854
23862
23865
23868
23871
23874
23877
23880
23888
23891
23895
23898
23902
23905
23911
23915
23918
23921
23949
23998
24121
24165
24177
24180
24188
24191
24194
24218
24222
24225
24253
24256
24260
24263
24266
24301
24304
24307
24310
24313
24316
24319
24322
24325
24328
24331
24334
24337
24340
24343
24346
24349
24353
24356
24359
24362
24365
24368
24388
24397
24400
24403
24406
24409
24412
24415
24418
24421
24425
24428
24431
24434
24437
24440
24443
24446
24457
24460
24463
24466
24469
24472
24475
24478
24481
24484
24487
24490
24523
24682
24685
24691
24694
24697
24700
24703
24706
24709
24712
24715
24718
24721
24724
24727
24730
24735
24738
24741
24744
24747
24750
24753
24756
24759
24762
24765
24768
24771
24774
24777
24780
24783
24786
24802
24839
24843
24869
24872
24898
24913
25008
25011
25014
25032
25035
25077
25082
25085
25089
25092
25095
25098
25129
25290
25348
25353
25374
25377
25389
25392
25399
25413
25417
25420
25423
25449
25452
25470
25482
25486
25489
25495
25502
25513
25525
25541
25544
25571
25574
25589
25592
25596
25607
25613
25627
25637
25640
25643
25647
25676
25679
25715
25727
25738
25770
25773
25796
25799
25811
25884
25905
25911
25928
25931
25947
25965
25998
26027
26030
26033
26036
26039
26042
26048
26051
26054
26060
26063
26066
26071
26074
26077
26080
26083
26086
26089
26092
26095
26098
26101
26104
26118
26121
26124
26127
26134
26669
26672
26679
26682
26695
26698
26712
26715
26718
26721
26724
26727
26730
26743
26746
26749
26759
26762
26765
26768
26777
26781
26784
26788
26794
26797
26800
26803
26811
26814
26823
26826
26829
26832
26838
26842
26845
26849
26852
26855
26858
26861
26864
27020
27023
27026
27029
27032
27035
27045
27048
27051
27054
27244
27247
27251
27255
27258
27261
27264
27267
27270
27273
27276
27279
27282
27306
27309
27321
27326
27329
27332
27485
27639
27642
27646
27650
27653
27656
27659
27719
27728
27731
27736
27739
27790
27793
27807
27831
27856
27860
27863
27866
27891
27894
27923
27926
27971
28087
28090
28099
28103
28109
28112
28152
28250
28300
28303
28306
28309
28499
28502
28505
28508
28511
28548
28562
28565
28618
28621
28624
28668
28671
28689
28692
28695
28794
28797
28891
28894
28937
28940
28980
29009
29012
29056
29059
29085
29111
29118
29155
29159
29190
29240
29243
29312
29319
29325
29334
29343
29346
29349
29352
29496
29601
29659
29662
29671
29749
29809
29948
29981
29984
29987
29990
29993
29996
30000
30003
30006
30009
30012
30015
30018
30021
30024
30027
30030
30033
30036
30080
30095
30098
30101
30129
30238
30243
30246
31128
31866
31869
31872
31890
31893
31896
31899
31902
32267
32270
32273
32276
32279
32282
33305
33308
33311
33976
33980
33983
34296
34300
34303
34371
34376
34379
34699
34702
34705
34708
35183
35190
35193
35298
35301
35635
36076
36079
36083
36086
36089
36092
36095
36098
37002
37005
37009
37012
37164
37167
37170
38040
38045
38048
38051
38055
38058
38176
38179
38515
38518
38521
38524
38527
38530
38533
38536
39009
39113
39118
39121
39131
39209
39216
39219
39653
39656
39659
39662
39694
39776
39849
39852
39857
39945
39950
39953
39956
39959
40410
40640
40643
40649
40652
40655
40660
40904
40907
41118
41164
41167
41346
41992
41995
41998
42001
42004
42007
42042
42045
42859
42862
42865
42868
42871
42874
44179
44182
44185
44188
44191
44194
44197
44200
44203
44266
44273
44276
44279
44282
45550
45553
45556
45560
45563
45566
45569
45572
45657
45660
45663
45781
45784
45787
45790
45793
46047
46057
46060
46063
46576
46579
46582
46585
46588
46650
46653
46656
46659
46837
46840
46843
46846
47319
47322
47335
47483
47546
47649
47653
47812
47815
47818
47827
47962
47965
48005
48008
48186
48189
48192
48195
48198
48201
48204
48319
48322
48394
48474
48522
48526
48831
48834
48837
49046
49049
49119
49122
49125
49128
49188
49191
49194
49197
49200
49203
49251
49312
49315
49318
49321
49324
49327
49562
49667
49670
49673
49676
49679
50085
50088
50091
50094
50118
50192
50208
50947
50950
50953
50956
51121
51125
51128
51172
51175
51282
51285
51288
51291
51294
51297
51300
51303
51306
51309
51474
51501
51504
51507
51546
51551
51554
51557
51560
51563
51580
51641
51659
51662
51682
51700
51703
51706
51709
51712
51715
51718
51721
51724
51728
51731
51734
51737
51740
51743
51746
51749
51752
51755
51758
51761
51790
51793
51796
51799
51802
51805
51808
51811
51814
51818
51821
51824
51928
51931
51934
51937
51940
51943
51946
51949
51952
51955
51958
51976
51979
52289
52292
52347
52591
52830
52833
52836
52839
52842
53074
53077
53080
53083
53086
54401
54404
54407
55016
55019
55025
55028
55031
55034
55056
55062
55071
55080
55084
55168
55171
55174
55177
55180
55193
55259
55262
55265
55268
55271
55274
55277
55280
55283
55286
55289
55292
55295
55338
55341
55405
55671
55674
55706
55709
55782
55799
55802
55805
55808
55811
55814
55817
55820
55823
55826
55829
55836
55887
55890
55893
55896
55899
55931
55955
55958
56022
56042
56085
56088
56127
56228
56231
56234
56349
56367
56370
56624
56656
56659
56976
56979
57070
57073
57076
57079
57082
57085
57088
57091
57094
57097
57100
57109
57127
57130
57195
57200
57203
57229
57266
57299
57302
57305
57308
57311
57314
57351
57354
57357
57389
57392
57395
57499
57581
57584
57587
57590
57657
57660
57665
57668
57671
57674
57678
57769
57772
57865
57872
57875
57929
57932
58079
58162
58185
58188
58264
58267
58306
58309
58428
58431
58434
58470
58629
58770
58773
58776
58779
58782
58786
58927
58930
58933
58936
58939
58946
58949
59011
59039
59054
59148
59202
59248
59251
59254
59257
59260
59263
59266
59269
59272
59480
59483
59486
59489
59492
59495
59498
59531
59534
59540
59580
59643
59789
59792
59795
59798
59801
59804
59807
59810
59813
59816
59819
59823
59827
59830
59833
59853
59856
59947
60023
60066
60069
60080
60101
60135
60138
60187
60252
60297
60330
60418
60421
60505
60508
60527
60530
60533
60673
60676
60711
60715
60718
60763
60766
60823
60875
60878
60881
60899
60902
60905
60921
60926
60929
60932
60958
60961
60964
60969
60979
60982
60985
60988
61024
61027
61030
61033
61046
61055
61058
61071
61074
61077
61080
61083
61086
61089
61092
61095
61098
61182
61194
61197
61205
61208
61694
61697
61798
61801
61927
61930
61933
61936
61939
61942
61945
61948
61951
61954
61957
61961
61964
61967
61970
61973
61976
61979
61982
61985
61988
61991
61994
61997
62000
62003
62006
62009
62012
62015
62018
62021
62024
62027
62030
62033
62036
62039
62042
62045
62048
62051
62054
62057
62060
62063
62436
62439
62442
62445
62448
62457
62460
62463
62467
62470
62473
62476
62479
62482
62485
62488
62491
62494
62499
62502
62505
62508
62511
62516
62519
62534
62537
62540
62859
62983
62986
62989
62992
62995
62998
63001
63015
63018
63025
63028
63031
63034
63037
63041
63044
63051
63054
63063
63076
63079
63096
63099
63153
63156
63171
63174
63179
63182
63185
63200
63203
63214
63217
63225
63232
63235
63238
63273
63280
63283
63313
63318
63323
63331
63336
63340
63348
63353
63356
63359
63362
63378
63381
63395
63398
63409
63412
63415
63418
63421
63424
63427
63430
63532
63535
63538
63541
63585
63592
63611
63614
63656
63680
63683
63687
63702
63705
63708
63722
63725
63741
63762
63765
63768
63785
63795
63808
63829
63832
63858
63861
63869
63900
63903
63924
63952
63969
63977
64012
64015
64022
64047
64123
64126
64138
64155
64161
64173
64195
64274
64279
64282
64372
64495
64498
64501
64519
64524
64527
64530
64533
64536
64539
64542
64545
64553
64556
64565
64568
64572
64575
64578
64609
64612
64616
64621
64624
64630
64649
64652
64693
64696
64699
64702
64705
64708
64711
64723
64726
64729
64732
64735
64738
64741
64755
64758
64761
64764
64767
64770
64773
64776
64858
64861
64864
64867
64870
64878
64881
64884
64887
64890
64990
64993
64997
65011
65014
65017
65020
65023
65026
65029
65244
65247
65250
65266
65274
65280
65283
65344
65347
65352
65355
65384
65395
65398
65415
65418
65447
65450
65463
65466
65520
65524
65540
65543
65576
65602
65605
65620
65623
65626
65634
65646
65655
65666
65669
65681
65684
65708
65711
65717
65724
65727
65746
65762
65792
65879
65917
65920
65923
65941
65944
65957
65960
65963
65966
65969
65972
65976
66036
66292
66295
66298
66302
66333
66336
66339
66342
66365
66368
66371
66375
66380
66383
66386
66389
66392
66396
66399
66402
66411
66414
66417
66420
66423
66426
66429
66432
66435
66438
66441
66444
66447
66450
66455
66458
66461
66477
66481
66484
66487
66513
66516
66519
66523
66527
66530
66533
66536
66539
66542
66545
66555
66558
66561
66564
66567
66570
66581
66584
66587
66590
66617
66630
66633
66636
66639
66642
66678
66681
66691
66695
66703
66707
66710
66713
66735
66738
66750
66753
66775
66778
66781
66784
66789
66796
66799
66810
66813
66822
66825
66828
66846
66849
66860
66901
66904
66928
66931
67055
67058
67061
67078
67106
67109
67112
67115
67119
67123
67127
67130
67141
67144
67147
67150
67166
67172
67175
67178
67183
67186
67189
67192
67195
67199
67202
67205
67208
67211
67239
67251
67260
67272
67292
67295
67305
67308
67311
67314
67317
67322
67338
67374
67377
67385
67414
67436
67439
67445
67448
67451
67454
67457
67460
67467
67492
67507
67526
67630
67633
67636
67639
67642
67646
67654
67659
67664
67667
67670
67673
67676
67689
67692
67695
67701
67709
67712
67723
67727
67738
67741
67744
67747
67750
67753
67756
67759
67777
67780
67786
67789
67792
67799
67802
67807
67810
67813
67816
67822
67829
67850
67853
67856
67860
67863
67866
67869
67877
67897
67902
67905
67908
67911
67914
67921
67926
67929
67934
67937
67940
67943
67946
67949
67952
67955
67958
67961
67969
67991
67994
67997
68000
68003
68006
68009
68012
68015
68039
68051
68054
68058
68062
68065
68068
68089
68092
68100
68103
68106
68110
68115
68146
68149
68155
68158
68161
68164
68167
68189
68200
68203
68228
68237
68243
68246
68250
68253
68257
68260
68265
68269
68272
68275
68278
68281
68287
68301
68305
68322
68330
68333
68341
68354
68368
68371
68374
68395
68402
68405
68408
68411
68414
68418
68421
68424
68427
68430
68434
68437
68444
68447
68450
68453
68456
68471
68474
68477
68480
68525
68581
68584
68587
68590
68593
68596
68599
68602
68605
68644
68647
68657
68663
68677
68680
68692
68695
68699
68702
68713
68716
68719
68722
68727
68735
68742
68747
68750
68753
68756
68759
68762
68773
68776
68779
68791
68794
68804
68814
68817
68820
68823
68828
68843
68846
68849
68852
68859
68863
68866
68869
68872
68875
68878
68881
68884
68887
68890
68893
68896
68907
68912
68928
68958
68961
68980
68983
69000
69003
69013
69018
69021
69080
69106
69109
69134
69137
69140
69146
69149
69153
69156
69162
69166
69182
69185
69200
69203
69206
69220
69234
69237
69240
69269
69272
69285
69288
69291
69294
69297
69300
69330
69333
69336
69352
69360
69364
69367
69370
69373
69376
69379
69382
69385
69388
69391
69394
69397
69410
69413
69416
69419
69426
69429
69432
69438
69441
69446
69457
69462
69468
69474
69477
69480
69484
69487
69490
69493
69496
69499
69504
69507
69510
69513
69516
69519
69575
69578
69581
69584
69587
69590
69593
69596
69599
69602
69605
69649
69652
69655
69658
69668
69671
69674
69677
69691
69694
69702
69705
69708
69711
69721
69740
69743
69775
69778
69783
69800
69827
69830
69833
69836
69872
69875
69878
69889
69892
69895
69912
69923
69926
69937
69999
70070
70102
70105
70110
70113
70164
70167
70184
70223
70226
70229
70232
70321
70324
70327
70344
70347
70350
70528
70532
70535
70538
70541
70544
70547
70553
70556
70559
70562
70565
70568
70938
70941
70963
71091
71094
71097
71119
71122
71125
71128
71131
71134
71137
71140
71143
71158
71161
71164
71167
71170
71173
71176
71179
71182
71185
71474
71477
71487
71490
71561
71564
71567
71570
71573
71576
71579
71582
71585
71588
71591
71602
71605
71608
71612
71615
71618
71621
71624
71629
71632
71635
71638
71641
71644
71647
71651
71654
71657
71660
71663
71666
71669
71672
71675
71678
71681
71684
71687
71690
71693
71696
71718
71722
71725
71728
71731
71734
71737
71740
71743
71746
71749
71752
71755
71758
71761
71764
71768
71771
71774
71782
71785
71790
71793
71796
71799
71802
71805
71808
71811
71814
71817
71828
71831
71834
71837
71840
71843
71848
71851
71854
71857
71860
71868
71871
71874
71877
71880
71883
71887
71909
71917
75171
75174
75177
75180
75183
75186
75189
75192
75195
75198
75201
75231
75234
75237
75240
75244
75247
75250
75253
75256
75259
75262
75265
75276
75289
75292
75299
75302
75305
75310
75313
75316
75319
75322
75328
75335
75338
75341
75344
75350
75357
75422
75425
75428
75433
75507
75518
75523
75533
75537
75545
75548
75551
75585
75588
75603
75606
75689
75692
75695
75708
75711
75727
75734
75737
75740
75743
75747
75750
75753
75756
75759
75762
75765
75768
75771
75774
75777
75780
75783
75786
75789
75792
75795
75798
75801
75804
75810
75813
75824
75827
75830
75833
75914
75917
75920
75949
75952
75969
75980
75983
75999
76002
76008
76024
76038
76044
76067
76072
76075
76094
76121
76153
76156
76225
76234
76237
76242
76245
76248
76251
76254
76257
76277
76815
76818
76950
76953
76956
76959
77100
77103
77224
77227
77230
77233
77236
77241
77244
77248
77254
77257
77260
77263
77271
77274
77277
77280
77293
77296
77299
77311
77314
77317
77321
77324
77327
77330
77342
77345
77353
77356
77359
77362
77365
77377
77380
77392
77395
77398
77438
77441
77444
77448
77451
77454
77457
77460
77464
77467
77470
77473
77480
77483
77486
77489
77492
77495
77537
77540
77543
77546
77549
77552
77560
77563
77567
77570
77595
77598
77601
77604
77607
77610
77639
77645
77648
77653
77656
77659
77662
77665
77670
77675
77678
77681
77686
77691
77694
77697
77701
77704
77707
77710
77730
77747
77754
77757
77763
77791
77822
77837
77841
77853
77856
77859
77864
77867
77870
77881
77894
77898
77908
77911
77914
77917
77945
77952
77958
77965
77973
77976
78011
78016
78034
78037
78040
78044
78047
78153
78156
78159
78162
78165
78177
78207
78212
78215
78226
78234
78238
78317
78394
78397
78427
78430
78438
78441
78453
78469
78472
78479
78487
78490
78493
78497
78507
78510
78579
78582
78588
78592
78600
78603
78623
78662
78665
78668
78755
78758
78773
78777
78781
78785
78788
78791
78798
78818
78821
78861
78864
78873
78881
78884
78908
78911
79032
79035
79039
79042
79061
79064
79082
79085
79124
79127
79130
79133
79136
79200
79203
79265
79295
79298
79341
79344
79347
79350
79361
79364
79376
79383
79386
79412
79417
79428
79431
79461
79464
79469
79472
79475
79493
79496
79499
79502
79505
79509
79512
79515
79520
79525
79538
79541
79544
79547
79550
79553
79556
79567
79610
79613
79662
79676
79679
79682
79687
79694
79697
79700
79703
79707
79711
79719
79722
79730
79737
79740
79743
79746
79750
79753
79756
79759
79769
79785
79788
79791
79833
79845
79858
79861
79942
79945
79948
80004
80033
80043
80049
80052
80055
80058
80081
80084
80094
80097
80110
80178
80181
80214
80217
80231
80234
80237
80241
80263
80267
80270
80275
80278
80281
80289
80299
80311
80324
80327
80330
80351
80354
80403
80406
80412
80415
80418
80445
80496
80499
80563
80636
80639
80643
80648
80651
80655
80658
80661
80664
80667
80670
80673
80676
80679
80682
80685
80688
80692
80695
80703
80712
80725
80728
80738
80741
80749
80752
80765
80768
80804
80812
80815
80818
80830
80833
80836
80839
80878
80881
80884
80888
80895
80900
80903
80952
80959
80977
80983
81000
81004
81007
81035
81038
81048
81070
81079
81086
81089
81092
81095
81101
81104
81110
81113
81149
81161
81164
81167
81170
81191
81194
81197
81200
81203
81206
81209
81213
81216
81240
81243
81251
81256
81259
81265
81277
81280
81283
81290
81316
81319
81322
81325
81328
81331
81334
81337
81341
81344
81347
81350
81353
81356
81374
81379
81384
81387
81390
81395
81398
81427
81430
81433
81443
81446
81458
81461
81468
81471
81474
81477
81495
81498
81529
81532
81551
81554
81563
81566
81569
81572
81578
81581
81585
81588
81591
81605
81608
81611
81617
81620
81627
81632
81644
81647
81656
81659
81691
81716
81733
81745
81748
81751
81772
81775
81778
81785
81798
81836
81852
81855
81858
81877
81886
81889
81893
81896
81957
81961
81964
81996
81999
82002
82006
82015
82018
82021
82024
82027
82040
82049
82052
82055
82058
82061
82064
82068
82071
82074
82082
82088
82092
82095
82108
82113
82120
82123
82169
82172
82180
82183
82188
82202
82205
82208
82214
82217
82220
82274
82277
82310
82313
82326
82329
82345
82348
82355
82365
82368
82378
82381
82404
82407
82427
82432
82439
82442
82448
82451
82456
82460
82463
82470
82473
82476
82479
82525
82531
82534
82589
82592
82605
82608
82629
82644
82647
82674
82677
82680
82683
82687
82691
82694
82697
82767
82770
82781
82784
82787
82790
82793
82796
82799
82802
82805
82808
82824
82827
82834
82838
82847
82850
82854
82861
82864
82867
82874
82877
82882
82889
82892
82905
82908
82911
82914
82923
82927
82930
82933
82939
82954
82967
82970
82975
82978
82983
82993
82996
83007
83042
83045
83052
83064
83072
83084
83087
83101
83105
83108
83124
83127
83131
83134
83140
83144
83165
83168
83176
83179
83205
83208
83219
83222
83238
83267
83308
83311
83335
83344
83347
83350
83354
83372
83375
83378
83381
83384
83394
83400
83403
83406
83409
83412
83421
83424
83433
83443
83452
83463
83466
83469
83484
83499
83510
83513
83544
83547
83550
83553
83558
83561
83564
83567
83570
83579
83593
83596
83605
83608
83611
83614
83638
83654
83657
83660
83663
83697
83780
83787
83800
83806
83809
83830
83863
83911
83923
83942
83953
83976
83999
84002
84012
84015
84022
84031
84080
84103
84167
84170
84173
84199
84221
84224
84255
84258
84346
84374
84377
84385
84402
84405
84408
84412
84417
84420
84423
84440
84446
84471
84474
84478
84481
84484
84489
84514
84529
84532
84538
84597
84612
84615
84624
84630
84633
84672
84681
84818
84844
84848
84963
84981
85004
85056
85059
85069
85072
85082
85091
85108
85112
85115
85122
85169
85176
85231
85234
85245
85248
85251
85254
85257
85270
85276
85294
85312
85315
85322
85325
85358
85361
85364
85367
85370
85392
85395
85402
85427
85562
85565
85577
85646
85696
85700
85721
85726
85729
85732
85735
85738
85741
85744
85750
85753
85756
85759
85763
85767
85770
85773
85778
85781
85784
85787
85790
85793
85796
85799
85802
85807
85810
85813
85816
85826
85914
85917
85924
85927
85979
85983
85986
85996
86000
86003
86013
86023
86026
86029
86040
86043
86072
86075
86080
86129
86185
86188
86193
86214
86223
86226
86229
86232
86235
86238
86241
86244
86249
86270
86368
86413
86416
86421
86505
86508
86698
86702
86705
86718
86721
86724
86727
86730
86733
86785
86788
86794
86809
86812
86815
86818
86821
86824
86827
86832
86848
86851
86855
86865
86868
86871
86874
86877
86913
86925
86928
86931
86948
86951
87078
87085
87088
87135
87138
87141
87144
87270
87273
87276
87279
87282
87285
87288
87354
87357
87360
87363
87384
87387
87398
87401
87404
87407
87410
87413
87416
87419
87427
87430
87433
87445
87466
87505
87814
87817
87843
87846
87849
87852
87855
87858
87861
87864
87871
87875
87878
87881
87884
87887
87890
87893
87896
87902
87908
87911
87914
87917
87974
87994
87997
88000
88011
88023
88034
88037
88040
88043
88073
88101
88127
88130
88133
88144
88147
88150
88160
88163
88190
88193
88196
88212
88217
88220
88226
88229
88232
88240
88243
88247
88250
88253
88261
88264
88273
88280
88283
88287
88290
88293
88296
88299
88302
88305
88315
88324
88346
88349
88352
88355
88422
88427
88478
88481
88484
88487
88490
88493
88496
88509
88534
88537
88541
88544
88553
88556
88559
88572
88575
88579
88613
88616
88626
88629
88643
88646
88652
88695
88698
88701
88708
88711
88739
88759
88762
88765
88784
88787
88811
88814
88844
88847
88850
88853
88881
88884
88887
88890
88893
88898
88901
88906
88909
88912
88927
88930
88933
88937
88946
88949
88952
88956
88959
88962
88965
88968
88971
88974
88977
88980
88984
88994
88997
89000
89004
89012
89015
89018
89021
89035
89044
89047
89050
89053
89056
89059
89062
89071
89074
89077
89083
89088
89091
89097
89100
89103
89110
89113
89116
89119
89122
89126
89129
89132
89135
89170
89173
89176
89183
89198
89212
89215
89231
89238
89269
89289
89324
89337
89349
89372
89380
89383
89386
89422
89429
89436
89439
89442
89445
89448
89460
89463
89471
89502
89505
89516
89535
89538
89555
89558
89568
89571
89574
89577
89580
89583
89586
89625
89628
89631
89655
89667
89671
89674
89677
89680
89683
89692
89695
89699
89702
89709
89726
89729
89732
89735
89738
89751
89754
89856
89859
89862
89865
89868
89871
89874
89877
89880
89883
89886
89889
89892
89895
89909
89912
89915
89918
89921
89924
89927
89930
89933
89938
89946
89949
89955
89958
89966
89969
89972
89976
89979
89997
90000
90003
90006
90024
90027
90030
90033
93815
93818
93821
93824
93828
93831
93834
93837
93840
93843
93846
93849
93852
93855
93858
93861
93864
93867
93870
93917
93927
93930
93933
93936
93939
93942
93945
93960
93963
93968
93971
94003
94006
94011
94014
94022
94028
94060
94063
94114
94117
94152
94155
94158
94161
94217
94220
94266
94269
94272
94320
94327
94330
94349
94352
94355
94358
94361
94364
94367
94381
94400
94458
94489
94492
94495
94527
94530
94533
94536
94539
94542
94545
94758
94761
94764
94892
94897
94900
94983
94986
95011
95014
95020
95023
95026
95029
95032
95042
95045
95048
95051
95054
95057
95060
95063
95068
95071
95074
95078
95081
95084
95087
95090
95094
95116
95119
95122
95153
95156
95159
95162
95165
95172
95175
95178
95183
95186
95190
95193
95196
95216
95219
95223
95226
95240
95257
95260
95284
95287
95308
95311
95314
95323
95329
95347
95350
95353
95356
95359
95378
95381
95384
95387
95398
95401
95438
95441
95446
95449
95495
95552
95573
95576
95579
95582
95585
95667
95670
95673
95679
95683
95689
95694
95714
95717
95733
95738
95741
95744
95747
95769
95772
95779
95795
95798
95828
95857
95860
95898
95901
95925
95930
95933
95936
95968
95971
95974
95978
95981
95984
95987
95996
96000
96003
96029
96080
96101
96161
96164
96167
96186
96189
96197
96222
96242
96245
96249
96252
96255
96261
96264
96267
96270
96273
96281
96284
96303
96306
96309
96312
96346
96349
96375
96378
96391
96394
96397
96400
96403
96406
96432
96435
96438
96441
96453
96456
96461
96464
96467
96470
96473
96476
96480
96483
96486
96489
96492
96495
96498
96501
96504
96507
96510
96513
96516
96521
96524
96534
96537
96540
96556
96559
96565
96568
96571
96582
96585
96588
96591
96594
96597
96605
96608
96660
96772
96775
96778
96781
96784
96787
96791
96794
96797
96810
96813
96816
96819
96822
96825
96828
96831
96845
96848
96851
96855
96858
96861
96886
96889
96892
96909
96912
96915
96918
96921
96924
96927
96962
96965
96970
96997
97000
97034
97043
97048
97072
97108
97112
97143
97146
97149
97152
97178
97181
97193
97196
97199
97202
97205
97228
97231
97234
97250
97253
97256
97259
97262
97265
97268
97273
97276
97279
97283
97286
97289
97300
97304
97328
97417
97420
97474
97498
97501
97507
97510
97513
97525
97540
97543
97546
97550
97588
97591
97594
97597
97600
97612
97615
97619
97623
97628
97631
97636
97651
97654
97660
97679
97682
97693
97696
97742
97745
97757
97760
97766
97795
97802
97805
97809
97850
97853
97871
97891
97978
97983
98006
98020
98025
98029
98086
98089
98104
98117
98120
98130
98133
98136
98139
98142
98149
98152
98155
98654
98682
98685
98688
98698
98701
98704
98707
98710
98721
98724
98727
98730
98758
98761
98764
98767
98772
98775
98778
98781
98784
98787
98791
98794
98797
98800
98803
98806
98809
98812
98815
98818
98821
98824
98827
98830
98833
98836
98839
98842
98846
98849
98867
98879
98882
98885
98888
98891
98899
98902
98911
98914
98921
98930
98933
98950
98953
98962
98965
98975
98978
98985
99003
99006
99009
99017
99020
99027
99042
99045
99048
99051
99055
99059
99062
99086
99089
99097
99104
99144
99147
99174
99177
99184
99202
99205
99209
99214
99235
99242
99275
99278
99293
99297
99304
99307
99310
99314
99317
99327
99330
99397
99401
99442
99450
99453
99467
99470
99480
99497
99500
99510
99516
99521
99557
99561
99564
99570
99575
99583
99592
99595
99599
99602
99625
99631
99649
99688
99691
99694
99719
99740
99743
99790
99805
99808
99812
99815
99832
99835
99859
99862
99865
99868
99878
99881
99885
99888
99917
99920
99934
99940
99943
99992
99995
99998
