43855
1
6
9
12
15
18
21
24
27
30
33
39
42
45
48
51
54
57
60
63
66
69
72
76
79
82
85
88
91
94
97
100
103
115
118
121
124
139
142
145
148
152
155
158
161
168
171
181
184
187
190
193
196
210
213
216
219
222
225
229
232
235
238
241
244
247
250
253
256
259
268
271
274
278
281
284
289
304
307
310
314
317
320
331
334
340
343
420
460
496
507
632
635
644
700
703
710
713
716
719
742
745
759
775
778
794
802
806
829
833
837
842
850
853
856
862
871
908
970
973
980
983
986
989
992
995
998
1009
1012
1015
1022
1028
1086
1101
1104
1145
1150
1178
1187
1202
1205
1208
1211
1214
1241
1252
1266
1282
1288
1291
1299
1303
1317
1322
1326
1329
1332
1340
1346
1349
1352
1360
1401
1404
1407
1419
1430
1433
1436
1448
1451
1456
1459
1462
1465
1471
1483
1486
1489
1492
1495
1498
1501
1507
1510
1513
1516
1530
1533
1538
1555
1558
1561
1569
1572
1578
1582
1598
1601
1604
1621
1624
1629
1632
1635
1640
1643
1646
1649
1652
1655
1659
1662
1665
1668
1675
1678
1681
1688
1691
1708
1740
1743
1759
1772
1783
1786
1789
1792
1798
1801
1804
1821
1824
1839
1842
1845
1848
1851
1867
1870
1880
1887
1893
1896
1900
1905
1908
1913
1930
1979
1982
1985
1988
1991
2005
2008
2011
2014
2017
2021
2024
2028
2031
2035
2038
2052
2055
2061
2084
2177
2241
2244
2247
2273
2319
2322
2326
2349
2352
2375
2407
2410
2416
2421
2424
2433
2436
2447
2451
2454
2458
2461
2465
2468
2480
2497
2504
2507
2514
2517
2521
2524
2527
2530
2533
2548
2551
2554
2557
2567
2570
2583
2586
2595
2598
2607
2632
2635
2675
2679
2719
2722
2754
2775
2778
2781
2784
2787
2790
2793
2796
2811
2829
2832
2835
2860
2863
2881
2884
2902
2914
2964
2987
3005
3008
3029
3032
3035
3082
3114
3117
3120
3123
3126
3129
3132
3138
3141
3155
3160
3163
3166
3176
3188
3192
3200
3210
3214
3217
3220
3223
3226
3229
3237
3240
3243
3246
3260
3263
3266
3356
3359
3362
3365
3374
3377
3380
3383
3386
3389
3393
3396
3404
3407
3422
3425
3428
3431
3434
3437
3451
3454
3462
3483
3488
3491
3494
3497
3500
3553
3578
3591
3601
3716
3719
3722
3753
3844
3847
3859
3862
3865
3868
3915
3918
3921
3934
3950
3953
3980
4019
4022
4027
4051
4054
4058
4062
4129
4134
4137
4141
4144
4147
4150
4153
4156
4159
4162
4165
4168
4171
4174
4177
4180
4183
4186
4189
4192
4210
4214
4225
4228
4297
4310
4341
4344
4382
4385
4438
4441
4450
4453
4456
4459
4462
4465
4468
4476
4479
4530
4533
4615
4618
4669
4672
4735
4738
4748
4767
4776
4785
4817
4841
4844
4852
4855
4887
4894
4912
4915
4928
4939
4951
4954
4959
4982
5014
5033
5042
5045
5063
5066
5085
5088
5134
5140
5143
5166
5169
5172
5187
5198
5201
5209
5212
5215
5230
5233
5236
5239
5249
5252
5255
5260
5273
5276
5279
5288
5321
5366
5466
5469
5472
5500
5503
5506
5519
5522
5531
5534
5554
5557
5560
5570
5573
5576
5580
5584
5587
5590
5593
5601
5604
5607
5611
5614
5633
5636
5641
5647
5650
5653
5666
5669
5677
5680
5690
5693
5698
5701
5705
5718
5727
5732
5743
5751
5760
5763
5769
5772
5776
5782
5785
5788
5791
5794
5797
5801
5804
5807
5810
5813
5816
5819
5822
5845
5857
5862
5865
5885
5888
5896
5899
5927
5930
5936
5946
5949
5952
5955
5958
5961
5964
5967
5990
5993
5996
6018
6021
6024
6027
6030
6033
6036
6039
6052
6055
6058
6065
6068
6075
6078
6081
6084
6087
6090
6093
6096
6099
6102
6105
6108
6111
6114
6117
8315
8318
8330
8335
8344
8352
8355
8358
8361
8364
8367
8370
8377
8391
8394
8397
8400
8403
8410
8413
8416
8427
8430
8433
8436
8439
8442
8445
8448
8451
8473
8476
8479
8482
8485
8488
8491
8494
8497
8500
8503
8509
8556
8605
8613
8618
8628
8640
8643
8646
8649
8652
8655
8675
8678
8681
8722
8725
8728
8731
8735
8738
8741
8744
8747
8784
8787
8790
8793
8796
8799
8804
8826
8829
8832
8835
8838
8841
8844
8847
8850
8871
8880
8883
8887
8891
8894
8898
8901
8904
8907
8910
8913
8916
8919
8953
8956
8969
8972
8991
8994
8997
9000
9012
9015
9018
9023
9026
9044
9047
9050
9100
9155
9158
9162
9233
9236
9241
9258
9261
9264
9281
9284
9287
9290
9300
9309
9312
9315
9318
9321
9324
9327
9330
9333
9339
9342
9345
9348
9351
9354
9725
9728
9731
9734
9737
9740
9743
9746
9761
9764
9779
9782
9785
9790
9793
9805
9808
9812
9822
9825
9828
9831
9834
9837
9840
9843
9846
9849
9852
9856
9859
9868
9871
10284
10287
10290
10293
10296
10299
10342
10345
10351
10354
10358
10361
10366
10385
10388
10391
10394
10403
10406
10409
10416
10419
10436
10439
10442
10449
10506
10509
10512
10522
10537
10581
10584
10619
10652
10684
10698
10701
10740
10743
10767
10771
10776
10801
10804
10848
10855
10858
10873
10876
10959
10962
10999
11002
11005
11008
11011
11014
11017
11024
11027
11030
11033
11055
11058
11071
11074
11085
11096
11099
11106
11135
11153
11156
11159
11162
11217
11305
11308
11311
11349
11353
11356
11372
11381
11384
11387
11391
11394
11397
11400
11448
11485
11489
11492
11508
11511
11514
11517
11520
11531
11534
11537
11540
11560
11563
11566
11597
11600
11603
11606
11609
11612
11615
11618
11621
11624
11627
11630
11633
11636
11639
11642
11645
11648
11651
11654
11657
11660
11663
11666
11669
11687
11690
11694
11697
11711
11714
11721
11769
11798
11801
11816
11825
11867
11876
11885
11911
12100
12103
12141
12180
12183
12186
12189
12206
12211
12226
12229
12247
12260
12263
12267
12270
12273
12276
12288
12291
12303
12306
12378
12381
12384
12387
12390
12400
12406
12419
12422
12445
12448
12465
12468
12485
12494
12497
12509
12512
12516
12527
12530
12549
12552
12589
12601
12631
12649
12667
12670
12677
12703
12714
12717
12720
12753
12784
12787
12811
12836
12839
12864
12867
12870
12873
12876
12879
12882
12885
12888
12891
12894
12897
12900
12903
12906
12909
12919
12922
12925
12928
12933
12938
12941
12944
12947
12950
12953
12956
12959
12962
12965
12971
12974
12977
12995
12998
13006
13009
13016
13048
13051
13054
13063
13066
13078
13081
13096
13099
13122
13125
13128
13131
13134
13137
13140
13148
13151
13157
13160
13163
13166
13172
13175
13178
13192
13195
13198
13210
13228
13241
13244
13249
13275
13279
13282
13285
13310
13314
13320
13323
13326
13329
13332
13335
13368
13371
13374
13377
13390
13430
13433
13436
13475
13478
13503
13506
13519
13522
13525
13531
13534
13537
13626
13630
13716
13719
13722
13739
13742
13762
13765
13772
13775
13778
13781
13784
13787
13861
13882
13885
13888
13891
13894
13897
13900
13903
13906
13909
13912
13915
13945
13948
13951
13954
13957
13968
13971
13992
13995
14008
14025
14418
14430
14441
14444
14447
14468
14471
14474
14477
14480
14483
14486
14489
14525
14528
14531
14534
14537
14540
14543
14546
14549
14552
14555
14559
14562
14565
14568
14571
14585
14588
14591
14594
14597
14622
14625
14628
14631
14634
14637
14640
14650
14653
14666
14692
14715
14718
14721
14724
14732
14738
14741
14756
14789
14893
14896
14899
14902
14905
14908
14928
14980
15003
15160
15165
15168
15177
15180
15188
15191
15208
15211
15214
15217
15232
15243
15258
15261
15306
15309
15320
15330
15333
15336
15344
15347
15354
15369
15376
15379
15402
15422
15425
15462
15491
15494
15497
15507
15554
15557
15560
15568
15571
15580
15583
15586
15592
15595
15598
15601
15604
15607
15610
15613
15616
15619
15622
15625
15632
15635
15638
15652
15655
15658
15677
15680
15683
15686
15692
15700
15703
15706
15716
15719
15722
15725
15728
15731
15734
15737
15740
15743
15746
15749
15752
15755
15758
15761
15764
15783
15790
15798
15803
15806
15815
15818
15832
15835
15839
15844
15847
15850
15854
15857
15860
15865
15868
15872
15875
15878
15895
15898
15919
15922
15925
15929
15945
15948
15971
15974
15977
16038
16043
16046
16065
16083
16086
16089
16092
16095
16100
16106
16115
16122
16125
16129
16140
16143
16146
16149
16152
16155
16248
16251
16264
16277
16280
16286
16290
16298
16301
16310
16334
16338
16345
16348
16351
16354
16358
16369
16372
16396
16408
16411
16414
16427
16430
16433
16436
16439
16442
16454
16457
16473
16476
16487
16490
16495
16498
16501
16516
16519
16522
16525
16528
16532
16537
16540
16543
16556
16559
16566
16570
16573
16576
16579
16582
16585
16588
16617
16620
16623
16626
16640
16643
16647
16656
16662
16665
16672
16675
16683
16688
16692
16697
16700
16703
16706
16709
16717
16720
16727
16730
16735
16738
16741
16744
16747
16802
16805
16816
16819
16845
16848
16863
16876
16879
16927
16935
16938
16981
16989
16992
16995
16998
17001
17008
17011
17023
17026
17029
17116
17128
17132
17135
17143
17146
17180
17190
17218
17233
17236
17249
17259
17286
17289
17310
17313
17324
17363
17376
17379
17382
17402
17406
17409
17412
17415
17419
17422
17436
17441
17449
17452
17490
17497
17537
17540
17543
17547
17565
17568
17588
17591
17602
17626
17629
17632
17641
17644
17651
17687
17690
17754
17758
17771
17778
17781
17790
17793
17803
17810
17813
17847
17854
17857
17883
17907
17910
17914
17940
17943
17952
17955
17960
17972
17975
17991
17994
17997
18016
18032
18040
18048
18051
18056
18061
18064
18068
18071
18074
18097
18100
18105
18108
18136
18139
18143
18164
18167
18170
18190
18200
18203
18206
18218
18226
18229
18237
18240
18243
18262
18265
18271
18274
18282
18285
18300
18303
18306
18314
18327
18334
18337
18340
18343
18349
18361
18364
18367
18370
18375
18389
18392
18396
18399
18402
18405
18408
18412
18422
18425
18442
18450
18453
18459
18466
18469
18475
18478
18492
18504
18507
18513
18516
18541
18544
18547
18550
18598
18601
18613
18616
18630
18637
18640
18666
18675
18678
18697
18700
18703
18716
18719
18722
18728
18731
18738
18741
18752
18755
18758
18762
18765
18769
18772
18775
18778
18793
18801
18804
18818
18823
18826
18829
18832
18835
18843
18847
18851
18854
18857
18864
18867
18870
18873
18876
18879
18882
18885
18888
18898
18901
18904
18907
18910
18919
18922
18932
18946
18998
19001
19004
19013
19016
19054
19080
19083
19109
19118
19121
19125
19128
19139
19167
19170
19175
19178
19208
19238
19248
19251
19254
19257
19289
19296
19324
19358
19361
19370
19373
19381
19391
19394
19398
19403
19406
19409
19421
19440
19444
19457
19473
19493
19501
19510
19597
19602
19605
19608
19620
19640
19656
19659
19662
19699
19704
19707
19733
19736
19739
19751
19754
19772
19782
19785
19795
19799
19808
19828
19884
19902
19914
19917
19920
19923
19926
19929
19932
19935
19938
19941
19948
19951
19954
19957
19960
19963
19966
19970
19973
19979
19982
20014
20029
20036
20050
20065
20131
20134
20146
20150
20155
20159
20238
20252
20310
20316
20365
20400
20407
20411
20414
20433
20463
20466
20479
20482
20490
20493
20496
20499
20524
20527
20547
20550
20563
20574
20581
20584
20593
20650
20658
20687
20695
20698
20723
20726
20761
20764
20797
20827
20830
20846
20859
20872
20875
20894
20897
20900
20904
20907
20910
20947
20977
20995
20998
21018
21032
21035
21038
21041
21044
21047
21076
21098
21101
21117
21120
21154
21157
21160
21169
21172
21243
21247
21250
21277
21280
21285
21288
21302
21312
21315
21324
21341
21344
21358
21361
21378
21402
21405
21408
21417
21420
21423
21426
21436
21441
21447
21450
21453
21462
21465
21469
21488
21491
21502
21506
21509
21524
21527
21546
21553
21563
21566
21569
21572
21667
21689
21696
21717
21809
21815
21931
21994
21997
22026
22029
22032
22035
22039
22049
22066
22069
22091
22094
22109
22112
22136
22139
22163
22174
22177
22192
22195
22198
22219
22225
22228
22235
22238
22241
22284
22287
22290
22305
22308
22311
22331
22334
22343
22346
22373
22376
22409
22413
22423
22427
22430
22455
22605
22638
22641
22661
22665
22677
22680
22683
22691
22695
22698
22701
22713
22716
22719
22730
22739
22742
22745
22753
22758
22761
22772
22775
22778
22781
22784
22787
22790
22801
22804
22846
22849
22876
22882
22885
22906
22909
22912
22952
22955
22958
22961
22964
22990
22994
22997
23000
23013
23018
23026
23029
23032
23045
23048
23051
23057
23060
23064
23067
23070
23073
23076
23079
23082
23085
23088
23091
23094
23098
23101
23104
23107
23111
23114
23117
23120
23123
23129
23132
23135
23139
23142
23145
23151
23154
23157
23163
23166
23169
23172
23175
23179
23182
23185
23188
23193
23197
23206
23209
23213
23216
23219
23222
23225
23228
23231
23239
23242
23246
23249
23252
23255
23258
23268
23293
23296
23303
23306
23309
23312
23315
23318
23335
23343
23346
23358
23361
23364
23367
23370
23373
23376
23379
23382
23385
23388
23391
23394
23397
23401
23416
23419
23422
23425
23429
23432
23435
23445
23448
23461
23464
23472
23475
